uint8_t TEST_DATA[] = {
136, 132, 20, 5, 123, 35, 22, 78, 230, 132, 231, 160, 38, 141, 201, 68, 176, 41, 62, 124, 
72, 198, 54, 89, 71, 41, 164, 124, 242, 77, 132, 176, 83, 216, 33, 49, 111, 33, 35, 215, 
237, 62, 154, 152, 113, 109, 104, 201, 68, 252, 145, 96, 44, 247, 156, 133, 111, 93, 163, 165, 
103, 95, 0, 16, 36, 10, 225, 54, 191, 170, 87, 82, 227, 179, 24, 178, 13, 101, 220, 209, 
224, 226, 64, 33, 0, 151, 112, 188, 164, 201, 11, 127, 167, 242, 94, 44, 47, 74, 77, 153, 
34, 253, 195, 222, 126, 213, 198, 48, 66, 213, 136, 67, 245, 56, 245, 89, 220, 58, 213, 10, 
126, 241, 108, 85, 143, 103, 127, 152, 213, 39, 78, 208, 77, 16, 191, 178, 151, 103, 238, 202, 
67, 196, 15, 53, 130, 48, 193, 27, 1, 70, 227, 45, 200, 65, 169, 213, 64, 196, 76, 68, 
240, 217, 86, 58, 233, 156, 150, 52, 85, 182, 41, 154, 49, 59, 215, 206, 64, 132, 81, 97, 
223, 226, 128, 20, 137, 134, 11, 155, 135, 234, 146, 145, 186, 48, 35, 191, 30, 243, 255, 83, 
11, 149, 16, 159, 165, 71, 148, 155, 102, 251, 136, 167, 44, 101, 183, 224, 32, 196, 79, 243, 
221, 82, 91, 105, 198, 235, 186, 215, 109, 162, 232, 80, 29, 255, 215, 8, 31, 88, 33, 44, 
180, 249, 155, 150, 200, 250, 117, 3, 169, 67, 167, 85, 229, 14, 253, 11, 27, 2, 71, 31, 
193, 157, 139, 168, 106, 67, 209, 11, 37, 32, 68, 3, 65, 134, 106, 185, 27, 252, 64, 110, 
62, 166, 166, 176, 226, 39, 228, 239, 251, 42, 36, 86, 40, 161, 141, 130, 82, 94, 47, 151, 
47, 1, 69, 62, 100, 183, 205, 217, 96, 172, 119, 62, 163, 235, 74, 238, 158, 227, 145, 95, 
116, 191, 152, 55, 154, 37, 156, 137, 163, 63, 61, 107, 173, 1, 29, 224, 68, 23, 14, 254, 
238, 121, 168, 221, 236, 10, 91, 192, 230, 64, 150, 64, 159, 239, 97, 192, 181, 17, 230, 254, 
41, 106, 219, 126, 1, 157, 167, 117, 79, 181, 175, 36, 54, 4, 23, 100, 222, 177, 227, 112, 
166, 91, 163, 101, 208, 214, 157, 98, 56, 105, 34, 241, 44, 249, 19, 92, 85, 173, 146, 14, 
119, 195, 227, 97, 91, 165, 233, 53, 54, 195, 140, 238, 214, 179, 145, 0, 90, 27, 176, 122, 
228, 4, 159, 82, 57, 166, 131, 100, 86, 228, 164, 214, 170, 165, 193, 59, 64, 104, 19, 180, 
108, 143, 174, 43, 96, 97, 88, 242, 160, 97, 149, 3, 79, 20, 240, 66, 176, 4, 216, 34, 
185, 136, 160, 29, 58, 211, 141, 220, 62, 68, 15, 2, 86, 64, 171, 203, 218, 90, 178, 243, 
69, 201, 38, 67, 13, 191, 50, 49, 7, 199, 41, 38, 114, 186, 211, 2, 12, 27, 213, 98, 
67, 160, 104, 6, 51, 20, 241, 40, 113, 153, 129, 139, 243, 137, 61, 142, 56, 97, 115, 182, 
111, 57, 40, 77, 125, 135, 66, 114, 236, 220, 197, 230, 187, 81, 111, 78, 110, 114, 69, 161, 
53, 41, 237, 99, 204, 140, 55, 124, 37, 35, 183, 239, 19, 159, 143, 228, 230, 227, 168, 181, 
42, 218, 45, 156, 224, 186, 148, 118, 70, 70, 129, 123, 218, 74, 86, 135, 0, 234, 94, 20, 
61, 48, 12, 5, 1, 86, 102, 252, 13, 46, 104, 192, 211, 54, 128, 153, 100, 109, 60, 129, 
241, 192, 43, 3, 255, 253, 178, 227, 122, 249, 115, 59, 51, 38, 45, 135, 226, 147, 148, 12, 
167, 66, 80, 203, 57, 202, 167, 27, 165, 159, 44, 139, 242, 128, 228, 141, 44, 25, 221, 228, 
182, 72, 193, 102, 234, 23, 84, 117, 10, 14, 71, 223, 148, 99, 229, 234, 57, 232, 51, 184, 
115, 107, 227, 124, 102, 186, 213, 120, 251, 196, 83, 15, 2, 152, 187, 153, 245, 36, 153, 230, 
151, 72, 134, 69, 144, 129, 44, 98, 214, 81, 28, 246, 62, 187, 241, 116, 241, 9, 28, 133, 
154, 104, 173, 122, 33, 55, 103, 46, 41, 89, 9, 116, 44, 14, 218, 112, 227, 208, 227, 34, 
36, 30, 253, 130, 25, 87, 238, 195, 117, 189, 14, 170, 141, 47, 3, 38, 148, 65, 143, 26, 
219, 215, 198, 53, 172, 42, 209, 2, 201, 38, 4, 226, 203, 57, 153, 12, 219, 202, 82, 163, 
150, 21, 99, 245, 40, 25, 36, 104, 11, 206, 75, 99, 21, 215, 197, 212, 73, 185, 33, 53, 
56, 208, 153, 255, 162, 118, 233, 149, 196, 71, 127, 139, 216, 105, 189, 184, 155, 193, 246, 44, 
4, 204, 54, 50, 224, 21, 124, 82, 63, 189, 131, 96, 186, 194, 152, 56, 74, 53, 192, 223, 
181, 2, 15, 184, 245, 49, 207, 228, 7, 44, 116, 81, 44, 128, 176, 131, 184, 178, 251, 199, 
205, 198, 174, 77, 67, 150, 233, 24, 194, 56, 211, 85, 234, 230, 70, 118, 6, 251, 107, 186, 
180, 55, 248, 239, 158, 167, 144, 219, 113, 90, 39, 227, 41, 194, 171, 247, 188, 210, 71, 76, 
149, 148, 107, 252, 23, 233, 125, 119, 4, 113, 202, 216, 50, 150, 239, 36, 175, 222, 254, 204, 
250, 16, 168, 210, 100, 212, 147, 66, 116, 47, 225, 177, 110, 191, 168, 169, 70, 31, 84, 249, 
105, 48, 60, 71, 238, 142, 162, 103, 197, 146, 12, 142, 231, 51, 19, 123, 42, 126, 32, 229, 
98, 247, 186, 32, 226, 91, 250, 155, 192, 39, 38, 214, 131, 117, 91, 28, 72, 75, 191, 96, 
30, 170, 224, 176, 91, 144, 241, 199, 52, 234, 21, 228, 48, 69, 34, 103, 158, 195, 28, 99, 
78, 219, 206, 211, 241, 139, 19, 22, 188, 106, 120, 16, 84, 96, 211, 172, 2, 81, 207, 54, 
217, 69, 84, 108, 90, 243, 26, 123, 18, 141, 41, 104, 24, 119, 222, 56, 122, 147, 108, 242, 
207, 163, 1, 181, 28, 181, 123, 190, 195, 64, 192, 181, 140, 104, 123, 181, 187, 159, 74, 61, 
40, 27, 252, 66, 186, 215, 36, 152, 65, 254, 219, 6, 103, 145, 229, 239, 77, 69, 28, 25, 
250, 94, 88, 174, 79, 195, 152, 9, 98, 214, 210, 162, 199, 120, 167, 230, 53, 172, 134, 223, 
236, 4, 44, 11, 255, 18, 45, 205, 129, 212, 25, 45, 221, 130, 224, 209, 138, 108, 74, 187, 
45, 164, 9, 158, 236, 212, 164, 200, 67, 224, 135, 87, 137, 124, 38, 174, 119, 188, 138, 25, 
242, 23, 25, 204, 9, 200, 34, 146, 104, 168, 217, 227, 15, 134, 163, 171, 156, 183, 254, 35, 
66, 212, 55, 105, 119, 96, 172, 37, 67, 195, 50, 113, 231, 206, 214, 227, 61, 54, 247, 105, 
104, 109, 185, 73, 166, 38, 163, 158, 236, 100, 20, 9, 154, 162, 47, 147, 235, 115, 78, 106, 
199, 32, 147, 159, 135, 148, 78, 242, 28, 181, 234, 181, 130, 173, 242, 11, 129, 139, 62, 14, 
2, 55, 24, 67, 103, 140, 78, 252, 99, 160, 220, 71, 33, 143, 84, 18, 39, 157, 132, 242, 
207, 135, 148, 44, 205, 64, 171, 55, 138, 127, 193, 185, 76, 82, 80, 89, 10, 155, 94, 124, 
131, 40, 84, 58, 234, 164, 106, 202, 182, 33, 6, 22, 195, 240, 75, 201, 84, 221, 228, 217, 
58, 180, 117, 152, 33, 246, 194, 171, 9, 227, 196, 111, 15, 72, 62, 160, 244, 153, 161, 84, 
113, 179, 42, 41, 110, 206, 239, 149, 78, 242, 53, 88, 185, 17, 48, 3, 44, 190, 160, 192, 
186, 209, 178, 10, 23, 105, 81, 216, 246, 62, 220, 228, 203, 39, 18, 42, 55, 63, 217, 219, 
178, 55, 156, 253, 73, 44, 152, 58, 161, 23, 77, 130, 49, 58, 27, 2, 139, 180, 222, 208, 
167, 2, 213, 30, 20, 81, 124, 152, 77, 139, 128, 171, 223, 136, 2, 24, 16, 66, 165, 68, 
142, 162, 5, 148, 236, 22, 156, 190, 191, 150, 210, 126, 197, 170, 116, 219, 95, 196, 96, 154, 
251, 95, 116, 123, 3, 177, 192, 206, 104, 47, 39, 177, 201, 168, 212, 236, 165, 23, 60, 68, 
95, 213, 203, 159, 117, 76, 11, 251, 190, 17, 95, 249, 12, 182, 170, 10, 78, 244, 112, 83, 
122, 55, 201, 158, 86, 254, 33, 146, 7, 21, 88, 3, 177, 143, 132, 82, 81, 115, 96, 167, 
54, 34, 95, 70, 250, 200, 238, 123, 80, 231, 252, 98, 7, 255, 227, 80, 218, 46, 49, 58, 
171, 119, 219, 96, 6, 53, 106, 74, 176, 26, 12, 33, 167, 185, 147, 12, 103, 94, 172, 4, 
45, 14, 132, 6, 5, 42, 145, 136, 194, 196, 39, 204, 220, 99, 90, 23, 0, 225, 67, 16, 
223, 3, 119, 30, 197, 135, 246, 49, 247, 14, 63, 170, 226, 34, 26, 102, 76, 25, 139, 238, 
190, 195, 54, 208, 1, 139, 168, 81, 37, 159, 90, 177, 10, 149, 0, 28, 37, 30, 193, 126, 
177, 103, 4, 51, 132, 165, 132, 75, 72, 1, 136, 160, 101, 152, 131, 238, 193, 35, 158, 56, 
195, 91, 37, 135, 76, 38, 178, 62, 4, 28, 20, 179, 172, 49, 18, 24, 249, 37, 21, 84, 
187, 85, 243, 101, 35, 245, 75, 237, 163, 144, 83, 218, 16, 241, 38, 150, 171, 231, 246, 94, 
248, 241, 248, 248, 59, 97, 118, 248, 26, 179, 43, 30, 10, 206, 5, 218, 216, 222, 111, 152, 
221, 207, 26, 102, 202, 200, 117, 249, 216, 241, 232, 85, 156, 179, 143, 13, 205, 253, 101, 228, 
131, 199, 249, 37, 159, 243, 124, 44, 232, 224, 145, 154, 167, 103, 168, 195, 232, 48, 24, 122, 
130, 31, 172, 68, 156, 228, 200, 241, 25, 103, 164, 231, 179, 144, 211, 95, 38, 13, 180, 211, 
138, 156, 67, 188, 240, 112, 231, 110, 254, 11, 139, 97, 239, 81, 166, 34, 48, 173, 124, 178, 
204, 21, 144, 174, 94, 72, 141, 28, 168, 155, 201, 233, 179, 134, 42, 232, 198, 205, 35, 52, 
138, 125, 220, 136, 237, 52, 93, 207, 141, 113, 91, 246, 48, 98, 96, 129, 115, 177, 149, 0, 
217, 46, 30, 108, 114, 229, 244, 132, 196, 170, 101, 164, 230, 174, 157, 54, 11, 198, 126, 91, 
162, 192, 77, 237, 186, 191, 9, 196, 143, 197, 170, 144, 53, 235, 195, 222, 144, 228, 94, 181, 
194, 23, 242, 93, 142, 54, 159, 69, 55, 153, 125, 230, 4, 59, 122, 184, 235, 231, 236, 169, 
97, 99, 137, 232, 244, 50, 134, 182, 216, 148, 15, 84, 112, 72, 248, 234, 66, 4, 143, 237, 
151, 123, 223, 246, 53, 179, 220, 253, 24, 65, 158, 197, 167, 46, 83, 159, 163, 122, 78, 75, 
180, 16, 92, 106, 35, 244, 160, 191, 235, 118, 185, 226, 112, 28, 109, 223, 39, 158, 13, 16, 
15, 95, 97, 1, 148, 6, 227, 57, 91, 15, 180, 119, 154, 162, 23, 191, 43, 109, 178, 158, 
32, 24, 141, 226, 146, 158, 223, 251, 180, 111, 156, 39, 182, 97, 17, 61, 74, 151, 128, 13, 
236, 99, 21, 187, 111, 236, 222, 87, 205, 50, 230, 123, 214, 41, 188, 204, 206, 215, 215, 236, 
39, 245, 213, 171, 201, 214, 1, 24, 122, 53, 126, 207, 234, 18, 15, 98, 173, 46, 223, 76, 
131, 156, 66, 203, 80, 80, 69, 37, 129, 55, 254, 213, 80, 186, 65, 221, 115, 207, 10, 108, 
241, 109, 252, 34, 232, 101, 115, 110, 46, 104, 106, 212, 198, 111, 153, 60, 20, 30, 239, 57, 
45, 242, 207, 239, 134, 39, 27, 202, 49, 249, 108, 17, 97, 109, 241, 26, 158, 14, 66, 110, 
181, 190, 245, 125, 4, 198, 171, 98, 106, 123, 202, 153, 87, 172, 218, 41, 59, 198, 143, 145, 
201, 197, 183, 25, 188, 60, 123, 179, 213, 213, 235, 184, 137, 112, 239, 163, 206, 59, 61, 185, 
150, 44, 80, 235, 21, 97, 52, 247, 38, 209, 232, 201, 207, 97, 82, 25, 210, 21, 146, 7, 
255, 105, 181, 159, 209, 184, 226, 239, 238, 102, 214, 103, 158, 134, 95, 17, 183, 222, 154, 30, 
68, 26, 164, 69, 132, 123, 19, 198, 245, 151, 36, 68, 105, 8, 211, 18, 109, 255, 31, 19, 
87, 14, 75, 43, 185, 227, 82, 196, 3, 109, 127, 68, 190, 245, 132, 56, 31, 252, 94, 40, 
236, 16, 202, 119, 79, 34, 204, 15, 172, 197, 239, 127, 12, 66, 59, 222, 75, 36, 159, 113, 
254, 1, 121, 83, 162, 215, 204, 138, 174, 194, 139, 141, 124, 27, 158, 169, 36, 24, 222, 106, 
102, 144, 42, 177, 32, 77, 221, 47, 255, 68, 184, 223, 130, 216, 51, 57, 52, 45, 83, 39, 
165, 15, 148, 201, 33, 72, 249, 81, 50, 83, 215, 107, 232, 199, 85, 29, 189, 58, 195, 168, 
178, 108, 138, 57, 206, 210, 227, 87, 113, 57, 220, 113, 65, 36, 176, 81, 10, 71, 59, 242, 
106, 89, 21, 9, 191, 203, 251, 146, 207, 123, 72, 225, 149, 91, 197, 33, 151, 49, 77, 13, 
142, 9, 142, 138, 144, 200, 135, 126, 176, 79, 232, 181, 2, 83, 6, 111, 45, 175, 89, 201, 
192, 65, 53, 151, 15, 11, 161, 218, 155, 26, 106, 242, 145, 125, 164, 67, 72, 210, 138, 202, 
184, 129, 75, 230, 240, 77, 61, 186, 51, 63, 61, 147, 211, 146, 69, 214, 193, 181, 9, 161, 
71, 61, 49, 216, 143, 45, 223, 89, 169, 233, 47, 47, 206, 162, 191, 118, 99, 173, 155, 209, 
8, 87, 34, 80, 48, 148, 51, 220, 240, 172, 73, 28, 107, 108, 222, 239, 82, 181, 32, 48, 
214, 7, 216, 114, 249, 81, 243, 244, 122, 243, 42, 71, 229, 56, 253, 86, 189, 218, 27, 36, 
190, 97, 61, 184, 125, 86, 130, 152, 4, 60, 75, 65, 179, 78, 239, 117, 165, 42, 94, 236, 
104, 178, 130, 97, 143, 148, 72, 83, 78, 208, 5, 108, 68, 164, 78, 103, 45, 249, 204, 244, 
16, 34, 178, 67, 71, 234, 162, 126, 127, 161, 36, 116, 127, 133, 68, 144, 236, 212, 190, 77, 
115, 178, 64, 243, 15, 0, 49, 41, 142, 121, 170, 48, 131, 75, 61, 100, 201, 175, 53, 30, 
59, 127, 103, 26, 221, 33, 55, 181, 153, 254, 55, 87, 142, 41, 16, 81, 99, 216, 68, 58, 
139, 139, 194, 131, 207, 95, 245, 184, 80, 80, 17, 50, 35, 231, 20, 143, 222, 30, 164, 58, 
54, 247, 39, 28, 190, 207, 165, 100, 103, 2, 197, 48, 207, 100, 182, 43, 227, 156, 215, 182, 
87, 92, 222, 35, 96, 113, 86, 76, 27, 91, 186, 78, 127, 92, 113, 196, 35, 97, 96, 42, 
136, 235, 23, 0, 100, 82, 58, 85, 111, 128, 172, 124, 226, 26, 145, 43, 107, 95, 86, 196, 
109, 167, 93, 7, 249, 202, 212, 238, 63, 158, 216, 103, 69, 79, 84, 171, 47, 60, 146, 77, 
109, 189, 50, 192, 174, 225, 17, 117, 43, 122, 31, 123, 82, 221, 128, 245, 80, 108, 211, 73, 
241, 205, 46, 188, 140, 62, 93, 36, 9, 141, 125, 156, 40, 109, 166, 42, 143, 15, 41, 128, 
49, 232, 240, 135, 51, 219, 26, 196, 127, 85, 191, 165, 100, 41, 125, 77, 179, 101, 196, 123, 
219, 36, 125, 13, 157, 73, 59, 121, 57, 120, 42, 219, 88, 239, 178, 184, 174, 215, 54, 105, 
90, 145, 139, 43, 109, 194, 241, 99, 60, 184, 127, 221, 113, 117, 163, 178, 183, 112, 1, 93, 
118, 148, 243, 59, 154, 89, 188, 180, 222, 247, 173, 92, 201, 81, 1, 201, 32, 51, 213, 61, 
47, 172, 7, 173, 102, 139, 158, 225, 178, 186, 164, 252, 217, 200, 133, 73, 196, 70, 144, 192, 
157, 113, 66, 11, 47, 139, 63, 31, 44, 96, 208, 29, 98, 207, 77, 98, 127, 117, 70, 144, 
236, 254, 48, 84, 41, 36, 223, 104, 226, 110, 24, 235, 229, 227, 193, 3, 89, 241, 29, 13, 
125, 213, 7, 99, 53, 11, 8, 25, 145, 20, 93, 167, 195, 23, 35, 221, 210, 250, 43, 46, 
81, 65, 166, 23, 12, 52, 121, 147, 47, 59, 189, 88, 39, 235, 180, 154, 39, 161, 69, 211, 
95, 109, 89, 206, 183, 61, 102, 128, 76, 19, 175, 18, 44, 112, 146, 34, 235, 36, 100, 171, 
58, 159, 166, 26, 127, 139, 156, 65, 114, 172, 7, 13, 143, 30, 185, 152, 195, 253, 55, 140, 
222, 176, 55, 214, 22, 50, 119, 92, 182, 44, 163, 86, 91, 110, 116, 50, 7, 165, 90, 55, 
224, 39, 73, 11, 200, 177, 23, 92, 126, 242, 20, 105, 20, 28, 222, 62, 21, 191, 240, 30, 
110, 149, 57, 239, 236, 11, 175, 241, 199, 96, 62, 249, 211, 254, 14, 7, 88, 132, 55, 31, 
78, 110, 249, 107, 211, 199, 226, 226, 211, 40, 35, 190, 42, 105, 186, 138, 237, 225, 151, 191, 
8, 55, 170, 212, 15, 203, 45, 70, 255, 99, 185, 222, 83, 121, 47, 108, 157, 203, 230, 100, 
67, 46, 255, 92, 155, 167, 149, 117, 154, 21, 240, 151, 99, 73, 199, 48, 202, 20, 149, 160, 
244, 72, 104, 71, 216, 158, 81, 189, 216, 144, 91, 64, 176, 130, 34, 55, 82, 135, 109, 219, 
152, 228, 57, 92, 213, 49, 48, 37, 196, 159, 165, 226, 125, 143, 120, 107, 32, 153, 241, 32, 
5, 123, 239, 235, 51, 173, 109, 22, 42, 255, 205, 117, 206, 143, 48, 46, 194, 145, 27, 49, 
51, 14, 39, 170, 114, 149, 52, 204, 5, 73, 72, 154, 224, 41, 58, 242, 189, 193, 183, 118, 
196, 215, 160, 141, 226, 242, 94, 179, 35, 186, 84, 60, 126, 71, 93, 111, 9, 85, 59, 207, 
16, 218, 166, 0, 42, 82, 83, 237, 239, 158, 121, 149, 140, 163, 12, 149, 243, 217, 247, 43, 
104, 7, 239, 49, 28, 126, 85, 117, 28, 2, 212, 192, 146, 93, 87, 157, 110, 79, 98, 100, 
94, 150, 15, 23, 116, 171, 231, 145, 195, 153, 252, 110, 70, 15, 126, 233, 15, 105, 68, 236, 
41, 38, 1, 90, 109, 191, 237, 224, 223, 205, 132, 202, 159, 184, 150, 208, 33, 55, 86, 207, 
102, 250, 172, 162, 228, 1, 106, 75, 23, 128, 209, 35, 194, 19, 213, 113, 176, 207, 141, 204, 
214, 159, 95, 68, 85, 183, 6, 217, 81, 26, 218, 30, 18, 119, 179, 151, 127, 189, 165, 103, 
32, 214, 52, 172, 185, 176, 228, 236, 94, 81, 223, 240, 4, 242, 152, 244, 20, 6, 32, 174, 
56, 18, 241, 17, 197, 15, 225, 209, 156, 192, 224, 74, 142, 232, 161, 3, 217, 96, 149, 19, 
130, 18, 185, 56, 101, 68, 7, 220, 42, 177, 148, 123, 252, 212, 70, 111, 152, 116, 234, 10, 
80, 57, 83, 198, 172, 206, 78, 73, 50, 189, 179, 229, 247, 33, 79, 137, 195, 211, 23, 116, 
98, 224, 133, 138, 142, 41, 58, 169, 202, 217, 241, 184, 21, 162, 22, 105, 231, 123, 220, 163, 
241, 179, 135, 215, 181, 113, 233, 90, 97, 72, 95, 35, 35, 41, 221, 49, 185, 212, 7, 196, 
248, 63, 52, 209, 1, 218, 81, 161, 193, 242, 227, 128, 165, 181, 122, 112, 138, 237, 30, 15, 
249, 202, 199, 68, 240, 86, 225, 234, 35, 183, 65, 154, 137, 70, 93, 151, 165, 207, 93, 127, 
132, 179, 23, 65, 180, 142, 194, 248, 228, 250, 217, 240, 77, 5, 239, 82, 91, 21, 91, 216, 
45, 151, 187, 9, 124, 41, 91, 121, 244, 23, 214, 211, 178, 55, 192, 16, 216, 229, 88, 162, 
117, 93, 33, 11, 104, 69, 243, 139, 46, 42, 59, 81, 168, 89, 173, 155, 29, 21, 176, 60, 
253, 243, 189, 60, 45, 204, 166, 97, 189, 165, 100, 2, 2, 132, 94, 161, 181, 110, 141, 190, 
208, 30, 219, 67, 74, 197, 32, 80, 215, 189, 132, 196, 184, 13, 171, 175, 62, 43, 188, 129, 
185, 175, 117, 206, 129, 63, 67, 84, 17, 212, 255, 12, 79, 234, 193, 120, 44, 160, 78, 49, 
28, 199, 77, 157, 53, 82, 225, 35, 193, 32, 78, 129, 92, 196, 55, 112, 244, 78, 20, 155, 
241, 248, 120, 241, 49, 166, 232, 126, 104, 152, 112, 243, 169, 177, 203, 155, 35, 58, 2, 1, 
164, 186, 35, 5, 115, 89, 122, 117, 64, 150, 29, 19, 242, 14, 113, 150, 180, 199, 103, 2, 
191, 229, 170, 174, 249, 34, 8, 87, 224, 27, 49, 60, 236, 46, 166, 187, 65, 168, 194, 148, 
190, 219, 188, 239, 7, 251, 82, 1, 88, 100, 14, 117, 226, 39, 143, 23, 159, 10, 117, 212, 
242, 85, 200, 83, 81, 153, 218, 208, 70, 204, 95, 192, 200, 181, 28, 81, 177, 77, 79, 147, 
80, 5, 202, 165, 244, 53, 189, 75, 213, 48, 235, 81, 202, 46, 93, 157, 212, 179, 197, 136, 
213, 152, 127, 193, 97, 233, 134, 173, 195, 173, 241, 80, 160, 56, 14, 92, 80, 28, 120, 87, 
53, 254, 29, 72, 103, 197, 31, 48, 78, 79, 91, 182, 254, 14, 118, 33, 154, 210, 202, 49, 
56, 98, 32, 198, 174, 201, 187, 18, 26, 71, 239, 178, 236, 177, 157, 253, 201, 174, 99, 215, 
153, 211, 137, 15, 50, 44, 239, 177, 142, 103, 16, 15, 156, 124, 192, 4, 100, 174, 59, 211, 
36, 16, 163, 173, 186, 196, 121, 26, 239, 183, 155, 6, 24, 101, 191, 71, 252, 216, 173, 60, 
186, 3, 108, 228, 115, 98, 203, 49, 77, 194, 77, 219, 118, 125, 145, 163, 119, 217, 83, 154, 
21, 147, 111, 106, 123, 124, 137, 128, 97, 222, 19, 169, 241, 172, 20, 131, 176, 220, 72, 204, 
59, 149, 99, 131, 133, 72, 202, 93, 167, 135, 11, 146, 25, 69, 172, 140, 95, 226, 212, 235, 
24, 188, 238, 207, 128, 173, 69, 50, 60, 163, 185, 188, 139, 52, 81, 116, 86, 135, 106, 248, 
40, 249, 100, 77, 182, 73, 181, 38, 110, 184, 252, 124, 178, 201, 99, 149, 16, 132, 239, 224, 
187, 126, 131, 143, 163, 3, 160, 140, 111, 35, 213, 222, 232, 132, 169, 45, 198, 89, 252, 209, 
37, 117, 53, 128, 84, 41, 80, 251, 149, 123, 169, 40, 10, 180, 79, 163, 7, 221, 181, 165, 
138, 244, 69, 238, 243, 140, 36, 51, 128, 70, 198, 90, 211, 236, 247, 117, 72, 16, 163, 53, 
3, 67, 48, 181, 230, 239, 27, 37, 154, 160, 199, 74, 126, 51, 126, 129, 112, 119, 33, 69, 
131, 37, 89, 30, 137, 89, 10, 228, 225, 154, 4, 39, 26, 35, 91, 105, 206, 149, 60, 174, 
226, 131, 128, 51, 178, 88, 107, 242, 95, 3, 22, 105, 105, 169, 226, 164, 176, 239, 156, 52, 
227, 255, 40, 107, 199, 192, 125, 83, 137, 166, 16, 17, 51, 157, 221, 34, 167, 150, 220, 42, 
13, 218, 51, 163, 207, 53, 190, 162, 141, 190, 245, 37, 147, 186, 22, 22, 174, 209, 135, 137, 
131, 206, 27, 231, 53, 141, 180, 173, 244, 67, 87, 225, 176, 64, 241, 239, 233, 65, 122, 22, 
166, 109, 127, 162, 46, 98, 183, 43, 176, 213, 115, 101, 218, 16, 255, 246, 62, 122, 156, 61, 
77, 124, 125, 226, 143, 129, 24, 69, 40, 161, 37, 94, 213, 123, 33, 218, 45, 171, 50, 59, 
254, 137, 57, 195, 18, 223, 239, 51, 223, 107, 23, 116, 62, 231, 145, 11, 125, 178, 75, 34, 
230, 135, 244, 47, 132, 255, 200, 102, 182, 109, 145, 41, 109, 80, 83, 122, 73, 206, 11, 134, 
19, 98, 185, 91, 0, 80, 97, 98, 2, 33, 170, 100, 3, 100, 26, 122, 230, 52, 228, 106, 
163, 14, 174, 233, 43, 128, 54, 78, 14, 79, 85, 51, 242, 104, 222, 30, 252, 124, 139, 207, 
133, 22, 215, 216, 121, 120, 34, 197, 137, 56, 129, 105, 56, 234, 206, 140, 33, 162, 31, 189, 
95, 127, 79, 171, 60, 155, 236, 139, 202, 27, 206, 32, 164, 101, 48, 165, 8, 13, 5, 146, 
91, 12, 112, 252, 202, 132, 166, 7, 167, 145, 110, 121, 155, 158, 34, 198, 89, 6, 184, 47, 
78, 200, 38, 135, 133, 65, 201, 37, 33, 172, 63, 38, 16, 87, 129, 222, 97, 10, 251, 15, 
197, 61, 231, 131, 98, 146, 12, 110, 78, 52, 168, 107, 146, 106, 132, 0, 129, 208, 114, 198, 
128, 212, 8, 37, 8, 238, 23, 130, 255, 127, 56, 153, 33, 204, 136, 111, 91, 51, 182, 163, 
125, 165, 208, 236, 221, 4, 211, 27, 47, 93, 96, 173, 117, 230, 204, 161, 36, 73, 18, 8, 
158, 53, 32, 104, 1, 50, 210, 245, 5, 103, 130, 182, 229, 178, 97, 178, 3, 54, 1, 19, 
40, 179, 124, 30, 107, 151, 155, 76, 236, 207, 130, 76, 64, 139, 232, 91, 43, 252, 116, 108, 
197, 86, 37, 25, 6, 208, 187, 179, 91, 79, 8, 38, 187, 61, 62, 127, 64, 217, 45, 245, 
95, 226, 65, 180, 147, 175, 244, 123, 134, 111, 129, 150, 223, 69, 225, 78, 134, 243, 222, 165, 
184, 70, 33, 65, 209, 34, 108, 116, 245, 147, 125, 36, 177, 157, 231, 245, 45, 98, 136, 45, 
235, 254, 190, 138, 102, 75, 211, 210, 156, 177, 78, 155, 27, 63, 226, 69, 179, 225, 28, 131, 
103, 212, 139, 61, 23, 179, 196, 62, 83, 208, 18, 189, 203, 61, 134, 33, 104, 58, 17, 2, 
6, 214, 58, 255, 242, 88, 100, 172, 142, 181, 37, 181, 144, 145, 48, 85, 186, 116, 174, 0, 
18, 248, 147, 197, 146, 254, 40, 154, 18, 247, 43, 137, 146, 0, 62, 252, 204, 105, 144, 79, 
174, 252, 42, 118, 161, 23, 210, 145, 32, 53, 28, 73, 224, 129, 176, 138, 242, 130, 168, 62, 
93, 85, 88, 67, 144, 180, 133, 170, 81, 134, 79, 112, 81, 239, 44, 83, 152, 176, 143, 54, 
86, 182, 65, 196, 95, 246, 163, 100, 127, 80, 117, 126, 82, 89, 19, 134, 185, 83, 183, 227, 
227, 238, 205, 224, 212, 147, 209, 204, 2, 251, 53, 253, 201, 27, 112, 99, 201, 88, 95, 120, 
92, 159, 117, 106, 33, 114, 191, 253, 153, 217, 199, 43, 48, 240, 176, 140, 53, 40, 203, 128, 
170, 49, 50, 240, 136, 103, 147, 106, 23, 209, 86, 9, 40, 4, 173, 189, 221, 174, 174, 14, 
126, 231, 45, 97, 218, 88, 212, 77, 53, 25, 17, 195, 168, 200, 61, 151, 151, 147, 232, 52, 
89, 154, 90, 109, 55, 157, 139, 184, 184, 18, 5, 226, 253, 212, 220, 140, 89, 99, 182, 55, 
44, 62, 141, 240, 174, 124, 150, 133, 171, 137, 181, 5, 67, 105, 138, 223, 129, 23, 138, 109, 
74, 156, 235, 84, 250, 213, 151, 15, 242, 130, 8, 246, 31, 98, 149, 254, 151, 190, 50, 234, 
27, 58, 234, 253, 145, 164, 241, 201, 93, 78, 220, 245, 51, 23, 99, 228, 21, 91, 177, 180, 
234, 118, 183, 52, 47, 36, 177, 72, 255, 102, 164, 196, 154, 218, 43, 209, 141, 220, 234, 127, 
163, 241, 4, 22, 85, 196, 187, 19, 203, 72, 245, 61, 106, 15, 95, 131, 252, 249, 142, 88, 
253, 119, 0, 140, 30, 164, 71, 71, 61, 12, 159, 124, 75, 161, 181, 92, 210, 112, 232, 139, 
90, 175, 141, 42, 52, 182, 76, 239, 203, 15, 158, 247, 132, 185, 121, 64, 125, 114, 237, 45, 
84, 11, 15, 80, 231, 45, 134, 66, 210, 55, 205, 131, 225, 26, 170, 170, 190, 127, 159, 86, 
162, 92, 121, 225, 75, 204, 77, 49, 62, 208, 172, 217, 69, 106, 122, 85, 108, 17, 161, 69, 
78, 16, 135, 171, 155, 94, 185, 115, 170, 148, 184, 67, 184, 15, 87, 246, 179, 161, 44, 99, 
202, 162, 250, 1, 12, 232, 166, 67, 86, 234, 148, 68, 6, 6, 209, 112, 147, 123, 106, 188, 
148, 74, 158, 111, 135, 152, 120, 241, 10, 29, 23, 181, 71, 199, 255, 251, 45, 31, 254, 185, 
166, 70, 72, 134, 251, 114, 207, 60, 216, 81, 95, 190, 61, 89, 230, 227, 166, 186, 134, 49, 
138, 165, 119, 120, 132, 197, 138, 107, 73, 51, 190, 109, 119, 1, 202, 218, 61, 5, 213, 203, 
141, 45, 135, 45, 150, 27, 234, 11, 243, 100, 109, 160, 49, 130, 222, 4, 66, 218, 108, 204, 
225, 65, 154, 68, 177, 148, 49, 66, 90, 49, 117, 97, 27, 147, 154, 46, 153, 250, 77, 9, 
174, 20, 46, 84, 19, 79, 185, 97, 229, 200, 70, 13, 90, 242, 199, 97, 240, 32, 188, 10, 
243, 143, 98, 11, 182, 27, 179, 14, 25, 99, 4, 45, 242, 2, 72, 124, 190, 17, 185, 205, 
54, 250, 241, 68, 45, 168, 135, 247, 82, 8, 234, 247, 46, 221, 229, 37, 190, 247, 10, 89, 
49, 181, 160, 198, 181, 95, 183, 60, 123, 91, 101, 152, 223, 89, 21, 123, 26, 97, 23, 47, 
25, 55, 99, 90, 94, 105, 211, 153, 127, 214, 90, 39, 32, 65, 66, 42, 20, 106, 63, 198, 
192, 244, 105, 48, 225, 181, 64, 202, 168, 114, 74, 185, 125, 63, 30, 188, 8, 9, 125, 247, 
179, 163, 156, 53, 181, 9, 209, 7, 67, 217, 136, 71, 195, 237, 53, 39, 44, 143, 104, 231, 
155, 3, 252, 168, 245, 96, 133, 194, 124, 249, 161, 52, 18, 124, 130, 152, 79, 162, 253, 30, 
95, 102, 192, 221, 217, 81, 228, 120, 117, 219, 26, 206, 14, 22, 108, 28, 90, 155, 144, 15, 
247, 234, 52, 23, 194, 187, 190, 183, 225, 82, 226, 59, 233, 37, 66, 178, 112, 213, 235, 65, 
52, 141, 161, 15, 221, 128, 163, 21, 100, 119, 91, 76, 230, 44, 225, 85, 194, 78, 224, 194, 
48, 20, 26, 16, 180, 28, 164, 13, 198, 171, 135, 41, 65, 219, 150, 60, 63, 38, 209, 211, 
232, 41, 124, 170, 39, 108, 11, 89, 63, 150, 90, 7, 176, 194, 145, 12, 25, 240, 169, 4, 
189, 182, 32, 230, 83, 249, 216, 200, 229, 246, 38, 34, 189, 50, 121, 38, 95, 66, 23, 129, 
246, 238, 191, 49, 132, 235, 224, 239, 189, 250, 234, 197, 107, 111, 146, 186, 210, 25, 129, 41, 
249, 124, 242, 198, 32, 27, 141, 40, 52, 199, 143, 158, 238, 203, 51, 95, 117, 243, 12, 185, 
111, 38, 112, 158, 67, 197, 63, 3, 78, 211, 191, 236, 27, 0, 158, 176, 114, 228, 58, 114, 
73, 179, 95, 19, 92, 244, 175, 112, 84, 20, 252, 216, 134, 109, 203, 150, 94, 127, 147, 191, 
85, 251, 50, 144, 243, 139, 246, 182, 101, 64, 112, 68, 184, 200, 244, 144, 222, 11, 27, 134, 
32, 235, 148, 176, 79, 222, 55, 43, 88, 47, 221, 72, 241, 6, 144, 186, 36, 187, 99, 159, 
11, 178, 82, 164, 1, 39, 198, 189, 24, 5, 72, 222, 159, 164, 190, 57, 123, 82, 207, 19, 
63, 41, 31, 114, 227, 60, 229, 124, 111, 72, 157, 49, 244, 238, 30, 238, 181, 134, 27, 139, 
162, 226, 129, 238, 18, 211, 41, 104, 130, 180, 196, 51, 139, 237, 207, 226, 133, 148, 86, 214, 
141, 52, 68, 155, 35, 26, 73, 96, 65, 156, 188, 207, 191, 21, 255, 214, 71, 254, 75, 3, 
122, 38, 166, 97, 95, 225, 237, 234, 110, 110, 66, 17, 116, 213, 208, 88, 225, 232, 0, 189, 
42, 53, 201, 1, 176, 60, 245, 144, 243, 119, 129, 122, 202, 88, 172, 182, 234, 32, 210, 197, 
57, 14, 132, 218, 179, 228, 70, 219, 168, 141, 39, 210, 82, 212, 246, 69, 28, 176, 82, 145, 
252, 196, 195, 227, 22, 229, 118, 82, 3, 243, 173, 171, 40, 86, 116, 225, 218, 121, 211, 85, 
187, 110, 77, 87, 65, 222, 76, 115, 1, 213, 213, 109, 191, 88, 38, 204, 246, 211, 35, 121, 
24, 53, 230, 150, 236, 210, 160, 50, 254, 101, 139, 193, 133, 23, 7, 189, 205, 206, 184, 233, 
73, 212, 9, 37, 162, 106, 6, 244, 9, 181, 4, 72, 206, 140, 228, 126, 121, 226, 146, 190, 
51, 179, 162, 178, 25, 109, 98, 123, 109, 179, 184, 3, 131, 182, 151, 136, 115, 73, 15, 221, 
141, 184, 167, 220, 96, 92, 150, 227, 72, 209, 253, 248, 46, 101, 147, 162, 113, 114, 64, 116, 
124, 116, 25, 154, 199, 172, 215, 205, 185, 253, 37, 199, 95, 248, 85, 39, 44, 18, 15, 223, 
214, 190, 232, 13, 189, 49, 225, 194, 0, 61, 160, 38, 45, 211, 238, 177, 144, 65, 236, 36, 
123, 222, 238, 123, 110, 154, 188, 17, 87, 214, 61, 86, 234, 28, 228, 253, 43, 140, 122, 138, 
61, 226, 91, 35, 217, 117, 73, 124, 141, 17, 180, 111, 48, 240, 89, 141, 179, 142, 120, 89, 
174, 124, 218, 128, 4, 111, 14, 61, 13, 93, 61, 150, 251, 242, 27, 89, 173, 96, 112, 83, 
32, 169, 135, 119, 73, 162, 109, 101, 81, 150, 18, 214, 124, 221, 13, 120, 13, 119, 131, 221, 
78, 134, 180, 224, 180, 124, 236, 97, 106, 42, 91, 133, 152, 134, 65, 160, 98, 226, 149, 141, 
83, 106, 41, 232, 132, 41, 13, 111, 126, 20, 54, 103, 17, 87, 149, 223, 190, 243, 66, 16, 
191, 17, 124, 110, 148, 61, 124, 214, 116, 141, 109, 129, 146, 106, 220, 144, 133, 14, 147, 240, 
242, 69, 86, 115, 17, 239, 59, 4, 149, 221, 210, 87, 99, 56, 104, 230, 35, 84, 44, 190, 
188, 35, 195, 18, 106, 193, 189, 33, 37, 142, 78, 115, 253, 161, 120, 3, 202, 59, 172, 120, 
51, 55, 139, 212, 7, 244, 206, 0, 198, 13, 204, 138, 149, 66, 51, 39, 88, 231, 93, 201, 
97, 152, 213, 170, 180, 255, 43, 6, 91, 201, 179, 249, 189, 235, 213, 79, 127, 226, 225, 185, 
231, 237, 148, 32, 161, 184, 85, 50, 193, 14, 8, 203, 35, 224, 227, 197, 196, 67, 138, 19, 
76, 110, 255, 13, 109, 44, 120, 151, 148, 95, 230, 134, 221, 83, 182, 108, 50, 118, 84, 199, 
72, 16, 21, 205, 65, 56, 100, 232, 184, 144, 153, 202, 187, 229, 205, 105, 46, 136, 67, 73, 
159, 16, 169, 64, 48, 32, 241, 208, 196, 228, 144, 223, 99, 220, 175, 222, 155, 136, 131, 234, 
50, 162, 74, 40, 174, 71, 47, 246, 88, 182, 141, 137, 207, 45, 240, 37, 177, 167, 110, 26, 
216, 239, 71, 93, 57, 227, 216, 208, 182, 70, 171, 116, 210, 148, 38, 224, 217, 249, 72, 36, 
32, 130, 77, 224, 16, 20, 216, 78, 79, 214, 235, 85, 84, 169, 156, 113, 28, 159, 86, 25, 
72, 99, 81, 114, 116, 133, 108, 86, 168, 76, 168, 73, 187, 232, 31, 235, 19, 112, 29, 206, 
36, 126, 147, 250, 142, 191, 249, 93, 180, 149, 124, 132, 223, 225, 128, 72, 196, 86, 75, 122, 
168, 135, 120, 21, 204, 72, 12, 94, 110, 69, 37, 164, 48, 39, 68, 232, 33, 173, 121, 238, 
96, 145, 161, 11, 112, 169, 54, 189, 220, 83, 200, 222, 178, 238, 220, 0, 220, 11, 37, 53, 
138, 120, 194, 104, 239, 38, 213, 25, 25, 37, 59, 177, 137, 8, 254, 212, 56, 150, 195, 162, 
188, 4, 145, 195, 136, 10, 199, 77, 43, 146, 43, 52, 204, 29, 156, 183, 171, 195, 73, 170, 
18, 129, 104, 119, 69, 38, 123, 115, 240, 101, 120, 204, 11, 49, 55, 40, 141, 134, 254, 7, 
220, 17, 121, 222, 189, 135, 221, 163, 35, 160, 111, 34, 93, 254, 219, 146, 199, 12, 228, 188, 
66, 50, 88, 216, 74, 40, 129, 142, 70, 226, 251, 242, 127, 50, 209, 173, 10, 152, 174, 129, 
83, 139, 208, 149, 160, 63, 115, 222, 50, 2, 160, 118, 211, 210, 74, 71, 5, 78, 135, 40, 
74, 139, 48, 181, 93, 27, 77, 221, 255, 239, 150, 80, 203, 124, 9, 158, 39, 132, 197, 170, 
113, 57, 1, 74, 128, 156, 198, 145, 243, 154, 22, 25, 6, 241, 104, 47, 193, 145, 121, 191, 
215, 96, 114, 70, 198, 164, 88, 196, 141, 57, 248, 12, 12, 97, 65, 214, 241, 6, 220, 199, 
26, 4, 35, 58, 83, 143, 61, 219, 107, 184, 45, 249, 82, 126, 40, 4, 92, 143, 166, 190, 
246, 5, 21, 68, 166, 197, 244, 82, 50, 62, 39, 180, 105, 78, 169, 206, 254, 218, 36, 219, 
68, 240, 12, 125, 112, 123, 83, 242, 189, 106, 45, 7, 19, 118, 192, 29, 10, 248, 0, 169, 
87, 230, 211, 205, 85, 156, 13, 227, 162, 167, 246, 49, 208, 123, 136, 106, 146, 64, 37, 112, 
175, 221, 15, 197, 129, 59, 75, 47, 74, 241, 252, 194, 212, 174, 140, 215, 53, 177, 117, 17, 
215, 93, 178, 62, 35, 234, 115, 122, 197, 181, 246, 100, 30, 115, 128, 17, 204, 180, 132, 199, 
151, 117, 105, 235, 181, 138, 128, 73, 191, 114, 240, 243, 248, 14, 92, 189, 167, 173, 232, 215, 
176, 231, 184, 227, 202, 203, 108, 23, 67, 162, 175, 163, 151, 243, 18, 156, 191, 198, 208, 142, 
207, 149, 64, 57, 125, 232, 34, 38, 106, 116, 190, 246, 31, 59, 224, 66, 204, 19, 63, 190, 
72, 205, 28, 112, 194, 222, 190, 241, 30, 152, 11, 180, 118, 202, 204, 154, 208, 145, 225, 42, 
42, 163, 242, 164, 255, 92, 36, 52, 16, 96, 70, 197, 152, 144, 86, 83, 8, 43, 224, 12, 
97, 204, 90, 7, 22, 51, 40, 243, 34, 200, 3, 220, 190, 231, 242, 97, 232, 230, 217, 126, 
211, 59, 105, 50, 223, 156, 68, 6, 69, 243, 209, 123, 216, 121, 34, 197, 230, 59, 150, 188, 
124, 57, 86, 93, 82, 232, 11, 28, 132, 184, 50, 190, 39, 5, 85, 195, 130, 124, 92, 250, 
87, 69, 179, 131, 35, 189, 78, 207, 128, 157, 52, 34, 172, 180, 241, 103, 7, 241, 183, 95, 
194, 7, 215, 153, 25, 164, 222, 245, 33, 71, 108, 215, 50, 199, 156, 173, 155, 51, 83, 206, 
163, 227, 125, 52, 147, 229, 178, 221, 115, 187, 143, 111, 245, 146, 203, 27, 102, 96, 236, 219, 
177, 53, 37, 67, 39, 13, 27, 232, 46, 216, 73, 10, 139, 113, 103, 223, 177, 7, 183, 243, 
231, 224, 111, 129, 136, 225, 221, 157, 164, 142, 173, 170, 113, 164, 52, 106, 150, 37, 73, 1, 
85, 133, 130, 127, 114, 231, 27, 65, 136, 249, 184, 199, 176, 225, 220, 179, 116, 165, 197, 35, 
68, 242, 151, 99, 67, 114, 217, 115, 100, 132, 244, 33, 37, 123, 156, 218, 221, 151, 87, 19, 
162, 179, 131, 44, 66, 151, 12, 70, 98, 37, 175, 11, 171, 214, 190, 140, 108, 70, 192, 44, 
209, 98, 175, 22, 35, 252, 49, 124, 155, 7, 171, 118, 2, 65, 38, 216, 138, 176, 234, 72, 
23, 142, 53, 141, 147, 140, 9, 50, 37, 85, 242, 172, 115, 84, 115, 162, 248, 255, 113, 82, 
235, 69, 133, 198, 4, 142, 99, 44, 93, 20, 153, 46, 242, 146, 225, 194, 9, 39, 219, 109, 
116, 64, 112, 75, 6, 72, 231, 16, 57, 14, 161, 255, 200, 66, 133, 132, 230, 201, 249, 132, 
245, 255, 109, 3, 49, 26, 182, 199, 78, 62, 127, 140, 217, 34, 118, 133, 248, 208, 119, 126, 
250, 139, 55, 230, 76, 103, 29, 211, 48, 155, 110, 255, 246, 108, 8, 191, 98, 17, 68, 11, 
163, 75, 208, 234, 214, 2, 115, 111, 46, 17, 193, 137, 241, 33, 204, 188, 181, 190, 163, 10, 
136, 254, 225, 211, 166, 234, 238, 236, 177, 249, 103, 37, 45, 108, 223, 12, 213, 15, 163, 223, 
208, 183, 253, 132, 223, 30, 175, 163, 7, 123, 189, 0, 179, 84, 148, 3, 197, 240, 34, 199, 
163, 1, 69, 83, 169, 20, 139, 182, 247, 182, 67, 220, 41, 216, 124, 35, 139, 126, 155, 217, 
10, 78, 224, 174, 73, 193, 132, 154, 239, 192, 149, 34, 167, 180, 181, 71, 164, 171, 136, 26, 
254, 65, 57, 131, 42, 56, 186, 64, 255, 221, 180, 19, 55, 109, 210, 34, 3, 36, 8, 128, 
164, 104, 71, 135, 59, 22, 221, 95, 125, 139, 91, 107, 205, 144, 65, 64, 97, 6, 166, 227, 
204, 35, 79, 253, 111, 142, 157, 91, 205, 125, 34, 122, 179, 197, 118, 13, 249, 255, 190, 203, 
128, 175, 174, 247, 80, 64, 247, 16, 53, 229, 20, 94, 81, 72, 132, 212, 210, 240, 248, 255, 
108, 58, 140, 203, 155, 211, 90, 131, 93, 193, 116, 106, 80, 22, 234, 97, 148, 168, 76, 24, 
155, 174, 165, 171, 172, 47, 214, 85, 22, 123, 105, 45, 134, 178, 238, 127, 127, 2, 60, 106, 
111, 149, 10, 249, 125, 159, 194, 136, 198, 225, 180, 199, 38, 184, 185, 216, 60, 113, 217, 8, 
58, 72, 190, 57, 45, 48, 24, 154, 73, 218, 254, 2, 222, 124, 252, 223, 157, 41, 45, 4, 
39, 26, 171, 201, 158, 240, 155, 235, 69, 20, 10, 194, 197, 224, 249, 78, 47, 247, 126, 193, 
200, 32, 128, 114, 69, 217, 229, 203, 71, 144, 201, 72, 59, 246, 223, 131, 136, 4, 213, 53, 
84, 75, 189, 129, 66, 20, 169, 150, 211, 253, 207, 145, 88, 41, 94, 205, 253, 4, 116, 65, 
221, 187, 89, 255, 17, 130, 107, 146, 56, 210, 70, 4, 125, 155, 110, 53, 248, 147, 58, 238, 
172, 75, 250, 111, 212, 143, 148, 127, 222, 204, 109, 223, 175, 83, 12, 82, 96, 48, 127, 4, 
102, 78, 60, 17, 24, 29, 110, 253, 129, 100, 154, 253, 230, 51, 117, 96, 109, 250, 232, 251, 
227, 55, 199, 191, 235, 170, 204, 156, 52, 168, 247, 156, 174, 128, 45, 212, 235, 52, 224, 71, 
87, 2, 205, 226, 172, 167, 44, 12, 178, 68, 70, 155, 221, 94, 225, 161, 48, 243, 155, 155, 
161, 194, 73, 187, 73, 153, 140, 4, 98, 159, 230, 171, 246, 201, 65, 101, 47, 185, 250, 180, 
242, 216, 16, 236, 7, 96, 7, 246, 30, 136, 40, 215, 198, 204, 138, 46, 132, 220, 28, 35, 
83, 2, 95, 244, 175, 21, 249, 50, 118, 158, 186, 57, 106, 36, 219, 5, 113, 9, 235, 254, 
33, 113, 67, 133, 120, 243, 185, 36, 240, 184, 77, 27, 227, 220, 116, 59, 138, 94, 56, 111, 
235, 148, 215, 162, 40, 75, 195, 242, 31, 105, 120, 1, 75, 206, 63, 234, 36, 141, 156, 81, 
4, 170, 169, 61, 0, 135, 215, 138, 197, 118, 198, 231, 27, 169, 56, 230, 72, 123, 241, 47, 
123, 26, 73, 50, 25, 79, 65, 85, 215, 109, 17, 109, 168, 26, 96, 189, 59, 191, 66, 85, 
38, 42, 152, 148, 158, 107, 215, 127, 229, 213, 165, 192, 93, 176, 9, 128, 129, 75, 14, 206, 
151, 6, 221, 173, 174, 191, 27, 166, 122, 19, 67, 254, 152, 28, 18, 193, 58, 17, 87, 154, 
216, 152, 99, 226, 153, 35, 74, 213, 158, 68, 187, 144, 79, 185, 60, 144, 46, 64, 38, 181, 
196, 66, 104, 15, 253, 86, 116, 179, 9, 43, 42, 117, 103, 41, 201, 106, 181, 185, 76, 212, 
218, 1, 12, 210, 67, 241, 181, 129, 173, 142, 148, 204, 75, 88, 57, 18, 165, 16, 26, 161, 
174, 213, 10, 122, 57, 29, 173, 198, 200, 94, 123, 117, 239, 168, 158, 217, 53, 75, 185, 55, 
227, 160, 142, 169, 124, 187, 191, 231, 119, 139, 142, 117, 223, 132, 163, 235, 134, 206, 114, 165, 
128, 4, 208, 220, 79, 71, 183, 61, 121, 160, 80, 91, 49, 31, 153, 165, 234, 210, 186, 42, 
164, 102, 80, 65, 25, 137, 192, 210, 14, 250, 233, 60, 138, 107, 18, 35, 73, 3, 123, 74, 
14, 104, 68, 228, 121, 222, 65, 157, 185, 136, 84, 29, 104, 237, 54, 54, 198, 250, 188, 140, 
65, 100, 109, 148, 34, 70, 41, 170, 143, 108, 7, 67, 82, 90, 144, 104, 97, 151, 67, 180, 
65, 151, 74, 67, 2, 90, 25, 153, 255, 200, 149, 34, 69, 4, 198, 33, 57, 211, 199, 165, 
81, 163, 58, 124, 126, 64, 164, 113, 89, 49, 212, 4, 110, 61, 32, 114, 212, 66, 27, 215, 
67, 233, 189, 220, 33, 194, 217, 109, 205, 16, 147, 217, 74, 209, 239, 35, 104, 185, 210, 29, 
180, 248, 32, 63, 152, 141, 167, 66, 98, 182, 174, 241, 234, 73, 240, 141, 158, 138, 134, 162, 
252, 157, 137, 175, 234, 248, 253, 251, 218, 75, 7, 125, 98, 242, 152, 80, 167, 232, 70, 123, 
132, 214, 66, 12, 243, 216, 218, 84, 169, 38, 130, 193, 109, 182, 114, 79, 137, 208, 102, 33, 
211, 159, 59, 179, 183, 105, 202, 232, 134, 91, 121, 111, 115, 34, 156, 114, 233, 33, 229, 209, 
219, 63, 39, 128, 93, 224, 184, 143, 170, 101, 155, 162, 223, 254, 43, 177, 69, 12, 234, 135, 
26, 215, 119, 40, 211, 24, 93, 57, 106, 175, 15, 38, 184, 248, 105, 135, 201, 162, 108, 232, 
152, 50, 127, 120, 9, 31, 172, 179, 45, 196, 187, 249, 149, 246, 179, 210, 41, 62, 167, 75, 
108, 77, 165, 95, 176, 230, 48, 248, 242, 219, 156, 166, 211, 74, 37, 239, 225, 180, 51, 39, 
219, 175, 154, 6, 118, 154, 28, 180, 168, 129, 172, 111, 31, 133, 84, 135, 228, 131, 178, 155, 
36, 83, 253, 241, 74, 220, 84, 179, 144, 248, 66, 146, 193, 62, 86, 60, 202, 36, 138, 115, 
217, 91, 50, 99, 34, 157, 188, 87, 189, 236, 254, 89, 190, 24, 140, 185, 0, 202, 234, 225, 
174, 66, 217, 127, 93, 17, 25, 107, 105, 122, 7, 6, 134, 128, 106, 71, 228, 150, 211, 91, 
204, 38, 168, 242, 42, 108, 136, 216, 148, 58, 199, 196, 231, 158, 133, 16, 15, 185, 58, 122, 
115, 114, 253, 57, 138, 139, 80, 58, 155, 102, 167, 189, 70, 68, 150, 223, 65, 130, 122, 71, 
5, 186, 212, 167, 221, 60, 20, 61, 131, 155, 103, 217, 50, 88, 26, 181, 56, 127, 64, 48, 
3, 127, 161, 165, 10, 57, 235, 133, 110, 148, 148, 146, 187, 255, 75, 11, 13, 252, 43, 73, 
225, 197, 0, 69, 103, 31, 12, 106, 82, 33, 159, 66, 116, 74, 65, 7, 111, 56, 154, 56, 
36, 198, 48, 208, 104, 102, 230, 88, 135, 147, 8, 200, 95, 32, 146, 114, 218, 172, 33, 29, 
103, 198, 117, 132, 111, 240, 31, 111, 88, 35, 128, 226, 60, 110, 153, 137, 19, 112, 228, 175, 
148, 250, 154, 238, 148, 98, 157, 218, 138, 49, 160, 152, 144, 198, 254, 119, 118, 203, 83, 89, 
63, 110, 236, 41, 102, 172, 239, 205, 64, 190, 148, 108, 94, 53, 182, 72, 5, 232, 1, 115, 
25, 228, 244, 241, 4, 239, 43, 77, 51, 167, 55, 51, 46, 201, 100, 13, 18, 203, 170, 92, 
165, 222, 1, 100, 127, 116, 43, 242, 96, 75, 230, 40, 69, 198, 54, 230, 255, 114, 40, 184, 
63, 136, 118, 225, 74, 74, 36, 65, 35, 138, 236, 234, 15, 188, 57, 194, 117, 106, 90, 102, 
104, 238, 127, 18, 223, 101, 228, 113, 253, 41, 13, 243, 8, 28, 92, 208, 223, 158, 49, 185, 
79, 84, 192, 68, 118, 219, 78, 123, 44, 26, 35, 253, 32, 232, 75, 191, 48, 45, 237, 22, 
40, 255, 234, 60, 142, 65, 158, 253, 63, 121, 228, 197, 133, 75, 229, 63, 20, 100, 135, 34, 
200, 178, 44, 106, 46, 179, 88, 237, 85, 154, 70, 122, 55, 188, 85, 168, 233, 97, 87, 108, 
217, 118, 16, 42, 18, 59, 245, 237, 184, 103, 192, 189, 67, 75, 155, 21, 251, 232, 53, 61, 
184, 226, 240, 238, 17, 200, 16, 146, 195, 32, 9, 177, 225, 204, 130, 72, 216, 65, 91, 57, 
119, 179, 9, 235, 233, 155, 88, 208, 57, 73, 60, 22, 161, 119, 234, 34, 232, 15, 128, 148, 
186, 199, 76, 2, 66, 69, 211, 237, 68, 115, 255, 58, 129, 213, 161, 213, 240, 87, 176, 93, 
46, 96, 201, 158, 65, 221, 206, 203, 199, 74, 55, 161, 0, 47, 210, 255, 228, 40, 186, 91, 
249, 128, 107, 101, 127, 165, 168, 203, 221, 33, 33, 233, 135, 160, 40, 204, 84, 209, 224, 85, 
22, 114, 69, 146, 129, 184, 21, 14, 100, 47, 232, 76, 166, 48, 245, 40, 135, 60, 64, 43, 
163, 98, 29, 115, 144, 5, 208, 130, 213, 202, 223, 136, 169, 102, 16, 74, 4, 98, 33, 224, 
138, 74, 86, 172, 165, 211, 169, 231, 74, 87, 46, 124, 109, 212, 203, 221, 165, 246, 173, 124, 
17, 117, 83, 220, 20, 225, 195, 107, 32, 111, 173, 227, 187, 203, 141, 66, 111, 50, 84, 185, 
83, 192, 144, 135, 140, 66, 182, 13, 40, 153, 196, 167, 203, 185, 204, 235, 178, 219, 116, 202, 
102, 64, 56, 210, 170, 71, 216, 200, 121, 92, 26, 117, 211, 25, 84, 13, 26, 54, 6, 46, 
41, 161, 48, 170, 38, 101, 173, 233, 24, 195, 222, 42, 100, 181, 24, 204, 95, 190, 22, 226, 
56, 71, 111, 194, 72, 39, 142, 21, 170, 252, 199, 106, 114, 79, 214, 13, 177, 22, 0, 143, 
142, 96, 95, 91, 21, 120, 230, 72, 176, 133, 185, 100, 245, 175, 76, 52, 47, 38, 86, 11, 
250, 40, 11, 125, 49, 117, 187, 158, 53, 38, 76, 178, 19, 154, 161, 195, 17, 1, 43, 115, 
124, 222, 202, 235, 101, 3, 69, 33, 96, 60, 238, 61, 234, 95, 56, 10, 105, 247, 105, 158, 
13, 109, 228, 109, 94, 60, 201, 187, 214, 138, 194, 181, 163, 150, 52, 222, 219, 233, 103, 65, 
179, 185, 112, 175, 200, 94, 138, 82, 54, 255, 145, 3, 226, 182, 203, 63, 92, 131, 96, 204, 
173, 102, 184, 214, 115, 131, 53, 167, 68, 152, 170, 146, 208, 80, 140, 47, 123, 120, 234, 1, 
73, 83, 159, 130, 237, 206, 215, 113, 175, 8, 154, 114, 183, 90, 151, 97, 101, 229, 116, 116, 
176, 67, 153, 48, 58, 41, 218, 139, 54, 247, 87, 128, 232, 207, 231, 141, 116, 76, 194, 56, 
210, 125, 149, 209, 106, 163, 86, 217, 1, 120, 59, 205, 234, 244, 200, 155, 223, 17, 216, 201, 
10, 143, 149, 95, 212, 124, 103, 205, 70, 209, 248, 19, 93, 178, 165, 208, 144, 83, 101, 251, 
209, 100, 44, 202, 190, 138, 98, 90, 199, 199, 138, 231, 33, 102, 37, 226, 39, 198, 252, 31, 
75, 177, 198, 212, 112, 253, 246, 67, 34, 69, 36, 158, 13, 142, 9, 150, 134, 111, 210, 24, 
160, 24, 127, 166, 191, 177, 45, 33, 205, 102, 131, 45, 155, 14, 149, 88, 28, 157, 200, 214, 
69, 27, 128, 234, 13, 27, 44, 60, 54, 3, 244, 211, 117, 10, 57, 102, 137, 59, 60, 138, 
116, 12, 53, 15, 199, 180, 120, 107, 183, 97, 73, 34, 66, 20, 162, 58, 220, 84, 27, 207, 
159, 117, 78, 137, 121, 24, 104, 243, 73, 25, 109, 196, 101, 218, 191, 166, 151, 168, 58, 127, 
31, 180, 0, 213, 200, 24, 146, 182, 161, 235, 191, 98, 44, 39, 41, 40, 248, 182, 24, 236, 
100, 146, 91, 135, 167, 4, 157, 112, 134, 170, 145, 3, 123, 170, 12, 70, 255, 149, 205, 207, 
3, 106, 236, 19, 29, 217, 132, 78, 247, 220, 104, 95, 71, 211, 98, 156, 191, 58, 170, 11, 
217, 222, 84, 159, 139, 33, 165, 48, 179, 14, 246, 178, 249, 125, 248, 107, 68, 33, 129, 69, 
99, 16, 194, 30, 159, 80, 129, 160, 212, 168, 148, 173, 108, 54, 9, 238, 64, 188, 121, 137, 
190, 230, 201, 217, 140, 220, 103, 55, 221, 242, 171, 134, 95, 186, 28, 200, 109, 28, 141, 16, 
170, 108, 144, 106, 232, 38, 13, 63, 156, 222, 54, 123, 156, 68, 235, 14, 21, 26, 100, 77, 
55, 80, 145, 102, 185, 152, 220, 19, 214, 30, 53, 213, 162, 8, 109, 146, 141, 118, 237, 127, 
249, 45, 222, 249, 11, 198, 38, 29, 250, 99, 146, 161, 133, 196, 2, 213, 216, 81, 183, 155, 
6, 138, 111, 1, 246, 182, 24, 238, 83, 41, 196, 233, 229, 26, 76, 203, 88, 180, 88, 18, 
210, 54, 152, 4, 128, 214, 129, 77, 5, 232, 130, 30, 103, 99, 59, 132, 136, 170, 142, 116, 
176, 205, 168, 140, 138, 138, 168, 86, 87, 207, 121, 220, 134, 119, 41, 7, 125, 58, 210, 67, 
146, 39, 228, 21, 118, 220, 207, 218, 54, 105, 53, 118, 242, 241, 73, 95, 104, 61, 73, 125, 
66, 165, 81, 109, 160, 203, 90, 197, 65, 107, 137, 43, 202, 153, 107, 250, 160, 61, 49, 229, 
122, 71, 112, 228, 90, 146, 85, 192, 39, 134, 59, 6, 211, 219, 67, 33, 34, 0, 200, 243, 
128, 73, 98, 33, 186, 115, 103, 204, 117, 117, 207, 86, 32, 196, 210, 175, 27, 192, 7, 81, 
122, 103, 146, 190, 69, 254, 10, 137, 133, 92, 220, 255, 211, 99, 144, 49, 80, 242, 205, 69, 
224, 206, 147, 48, 10, 93, 60, 164, 173, 109, 235, 234, 175, 250, 128, 35, 45, 252, 21, 252, 
46, 179, 132, 225, 113, 201, 79, 121, 109, 115, 6, 238, 147, 0, 146, 217, 155, 51, 89, 27, 
74, 38, 171, 16, 106, 131, 174, 5, 116, 158, 113, 42, 85, 186, 168, 1, 66, 178, 150, 33, 
42, 207, 43, 10, 93, 96, 128, 189, 49, 89, 242, 70, 224, 79, 96, 132, 195, 66, 37, 41, 
71, 211, 19, 103, 241, 215, 201, 98, 120, 55, 231, 22, 210, 105, 120, 184, 68, 138, 217, 13, 
106, 95, 162, 204, 252, 190, 102, 114, 130, 9, 230, 220, 117, 85, 83, 200, 186, 17, 5, 212, 
14, 74, 123, 43, 121, 62, 197, 215, 167, 23, 67, 65, 190, 54, 62, 121, 196, 226, 206, 116, 
96, 220, 18, 226, 189, 225, 5, 118, 124, 141, 188, 46, 75, 0, 151, 37, 30, 133, 71, 200, 
43, 166, 172, 110, 142, 108, 128, 244, 63, 191, 29, 79, 99, 204, 249, 53, 166, 17, 54, 143, 
73, 114, 47, 82, 136, 42, 16, 42, 102, 30, 206, 136, 94, 102, 150, 15, 159, 110, 224, 34, 
117, 190, 129, 10, 190, 98, 164, 45, 12, 21, 197, 230, 76, 219, 214, 143, 109, 115, 156, 23, 
134, 215, 222, 104, 90, 8, 71, 148, 112, 3, 30, 88, 223, 22, 130, 202, 112, 91, 184, 84, 
168, 49, 92, 128, 125, 36, 2, 232, 92, 139, 199, 29, 160, 101, 117, 227, 203, 159, 81, 49, 
69, 6, 117, 127, 251, 108, 187, 122, 145, 168, 145, 228, 130, 155, 217, 217, 73, 104, 40, 148, 
56, 98, 155, 6, 60, 120, 77, 117, 66, 42, 160, 183, 182, 141, 5, 1, 122, 212, 45, 22, 
57, 102, 2, 8, 98, 93, 130, 62, 89, 92, 232, 51, 164, 61, 209, 233, 38, 248, 148, 97, 
67, 164, 146, 70, 137, 229, 207, 62, 79, 115, 175, 74, 218, 238, 97, 121, 253, 225, 155, 98, 
129, 135, 236, 36, 14, 63, 212, 65, 138, 142, 123, 0, 28, 109, 185, 203, 212, 101, 209, 236, 
124, 47, 92, 246, 243, 240, 74, 66, 164, 168, 211, 11, 230, 96, 227, 74, 209, 211, 151, 172, 
87, 73, 84, 5, 112, 63, 249, 185, 43, 30, 73, 164, 134, 189, 159, 9, 6, 143, 219, 125, 
68, 39, 95, 254, 165, 239, 185, 12, 95, 95, 197, 22, 200, 234, 22, 174, 148, 36, 123, 14, 
51, 223, 222, 11, 221, 243, 127, 60, 247, 185, 151, 210, 249, 27, 220, 132, 88, 199, 251, 220, 
155, 92, 223, 183, 107, 51, 8, 143, 154, 147, 110, 8, 234, 87, 51, 195, 135, 18, 198, 195, 
182, 94, 150, 43, 10, 211, 235, 43, 22, 90, 70, 90, 140, 240, 185, 91, 101, 96, 163, 220, 
206, 166, 30, 148, 161, 80, 22, 200, 239, 54, 179, 85, 158, 184, 157, 25, 161, 88, 113, 141, 
31, 160, 74, 51, 248, 55, 95, 231, 14, 10, 218, 14, 187, 230, 192, 93, 22, 233, 185, 138, 
141, 44, 91, 189, 218, 182, 197, 105, 135, 83, 164, 218, 32, 161, 39, 54, 163, 41, 126, 165, 
24, 98, 103, 215, 150, 240, 55, 124, 91, 160, 226, 237, 214, 208, 2, 16, 131, 231, 52, 180, 
32, 4, 192, 237, 250, 230, 138, 119, 131, 220, 174, 75, 78, 244, 169, 63, 255, 11, 201, 94, 
136, 229, 15, 1, 153, 169, 194, 139, 188, 97, 158, 3, 56, 120, 181, 122, 26, 216, 150, 183, 
100, 151, 192, 184, 126, 36, 180, 198, 80, 111, 37, 17, 167, 89, 100, 162, 114, 203, 244, 181, 
248, 147, 212, 50, 153, 208, 180, 73, 165, 35, 48, 29, 33, 181, 1, 133, 35, 35, 235, 93, 
131, 112, 162, 163, 200, 246, 57, 191, 112, 194, 129, 197, 194, 81, 191, 9, 12, 29, 100, 234, 
94, 251, 147, 12, 59, 237, 8, 59, 141, 66, 116, 70, 14, 118, 204, 52, 74, 242, 225, 136, 
219, 13, 171, 60, 99, 249, 31, 13, 33, 136, 25, 33, 111, 27, 170, 110, 110, 244, 140, 79, 
62, 197, 59, 32, 4, 128, 168, 131, 162, 217, 137, 133, 87, 254, 170, 249, 5, 84, 128, 135, 
16, 174, 83, 154, 239, 176, 84, 182, 178, 56, 151, 18, 73, 186, 216, 62, 197, 227, 254, 133, 
204, 100, 100, 122, 48, 157, 164, 16, 74, 214, 156, 60, 9, 69, 127, 131, 203, 46, 136, 215, 
227, 134, 103, 104, 23, 117, 153, 235, 236, 231, 237, 160, 188, 93, 229, 84, 12, 173, 19, 57, 
7, 109, 103, 104, 78, 65, 102, 186, 10, 95, 98, 205, 62, 0, 177, 24, 157, 213, 120, 21, 
204, 225, 223, 10, 182, 55, 77, 212, 99, 239, 55, 175, 144, 237, 142, 242, 81, 46, 77, 42, 
101, 154, 224, 69, 242, 213, 174, 201, 88, 121, 205, 125, 250, 49, 215, 140, 213, 173, 203, 11, 
142, 70, 54, 127, 216, 191, 65, 99, 246, 184, 129, 35, 71, 202, 77, 31, 109, 255, 114, 226, 
186, 40, 248, 206, 231, 131, 45, 106, 188, 166, 11, 98, 26, 196, 79, 2, 8, 49, 46, 145, 
27, 66, 192, 22, 187, 242, 21, 237, 7, 229, 160, 26, 88, 216, 104, 191, 10, 176, 131, 73, 
155, 87, 119, 227, 178, 164, 199, 195, 58, 90, 68, 215, 155, 245, 135, 131, 180, 242, 240, 175, 
132, 137, 8, 235, 45, 141, 127, 208, 3, 32, 47, 151, 29, 165, 165, 86, 9, 25, 127, 92, 
189, 31, 96, 233, 19, 5, 166, 20, 214, 37, 248, 117, 0, 140, 130, 46, 229, 7, 177, 239, 
11, 40, 119, 88, 67, 176, 51, 134, 144, 120, 241, 153, 214, 154, 165, 211, 6, 142, 54, 215, 
19, 243, 117, 204, 43, 94, 230, 240, 130, 186, 226, 95, 39, 240, 243, 118, 234, 87, 246, 48, 
218, 0, 9, 209, 234, 169, 123, 103, 113, 155, 188, 228, 197, 112, 71, 144, 209, 114, 37, 42, 
226, 41, 158, 20, 119, 127, 20, 71, 71, 159, 157, 29, 117, 60, 222, 143, 38, 55, 49, 207, 
95, 224, 87, 110, 59, 231, 146, 1, 28, 184, 66, 223, 113, 201, 136, 246, 102, 85, 130, 199, 
96, 173, 10, 97, 58, 129, 147, 137, 175, 134, 60, 15, 171, 63, 74, 137, 28, 70, 221, 88, 
239, 179, 113, 250, 152, 243, 172, 163, 170, 167, 172, 6, 70, 7, 165, 34, 216, 5, 85, 240, 
146, 224, 154, 237, 205, 214, 240, 171, 5, 71, 190, 62, 185, 39, 1, 208, 147, 24, 142, 216, 
116, 212, 33, 254, 42, 192, 227, 160, 70, 172, 194, 220, 100, 231, 62, 223, 149, 130, 99, 235, 
169, 229, 138, 28, 177, 51, 63, 90, 168, 63, 228, 3, 228, 106, 230, 120, 24, 156, 248, 12, 
183, 230, 175, 237, 194, 115, 94, 144, 199, 176, 57, 214, 36, 39, 206, 77, 252, 0, 157, 83, 
75, 113, 231, 77, 57, 72, 224, 191, 95, 57, 77, 138, 23, 169, 131, 102, 153, 226, 195, 249, 
3, 198, 133, 121, 64, 133, 159, 255, 38, 240, 77, 53, 171, 3, 83, 90, 225, 82, 109, 187, 
194, 190, 95, 0, 179, 244, 36, 19, 37, 168, 178, 127, 252, 67, 13, 4, 42, 10, 35, 167, 
62, 168, 55, 177, 192, 161, 225, 16, 112, 81, 207, 113, 34, 127, 34, 176, 158, 210, 171, 49, 
22, 14, 155, 26, 223, 217, 241, 239, 66, 31, 245, 110, 40, 126, 141, 193, 197, 23, 127, 24, 
34, 102, 232, 106, 38, 81, 29, 3, 115, 232, 172, 44, 151, 162, 156, 30, 38, 160, 138, 151, 
200, 70, 156, 28, 37, 248, 150, 161, 32, 235, 61, 8, 178, 56, 84, 10, 173, 38, 181, 92, 
78, 155, 30, 19, 29, 194, 148, 24, 178, 167, 46, 236, 65, 48, 130, 179, 93, 17, 95, 251, 
153, 231, 13, 206, 10, 62, 136, 68, 235, 168, 148, 106, 207, 101, 101, 45, 17, 80, 47, 171, 
44, 93, 124, 193, 142, 19, 138, 56, 44, 52, 56, 86, 242, 52, 102, 23, 12, 174, 238, 194, 
52, 131, 240, 166, 224, 247, 108, 23, 0, 49, 134, 48, 162, 19, 145, 134, 208, 61, 70, 47, 
250, 84, 1, 141, 101, 131, 216, 100, 186, 12, 173, 44, 211, 110, 6, 148, 108, 37, 25, 41, 
167, 236, 104, 184, 23, 123, 134, 75, 198, 201, 221, 219, 192, 150, 159, 70, 233, 177, 216, 10, 
161, 190, 151, 3, 124, 250, 23, 14, 239, 103, 30, 155, 79, 34, 141, 197, 61, 191, 81, 242, 
143, 254, 216, 80, 48, 50, 227, 177, 13, 182, 29, 137, 177, 68, 235, 243, 231, 105, 44, 117, 
191, 62, 38, 151, 170, 120, 114, 106, 172, 32, 156, 55, 207, 52, 11, 60, 244, 204, 170, 128, 
93, 225, 166, 228, 36, 15, 211, 175, 191, 93, 86, 64, 135, 14, 219, 209, 90, 123, 241, 52, 
238, 126, 76, 162, 21, 124, 114, 196, 209, 56, 80, 233, 243, 232, 76, 25, 6, 165, 103, 15, 
242, 91, 224, 169, 123, 225, 115, 176, 219, 34, 204, 115, 174, 215, 190, 178, 28, 141, 137, 105, 
93, 7, 10, 156, 147, 131, 192, 188, 79, 167, 169, 123, 203, 12, 132, 182, 80, 123, 157, 179, 
142, 206, 182, 17, 159, 188, 78, 79, 134, 126, 204, 176, 49, 33, 217, 45, 144, 55, 132, 169, 
0, 231, 50, 203, 84, 212, 120, 76, 240, 226, 125, 166, 172, 141, 75, 176, 36, 145, 118, 44, 
72, 132, 51, 232, 65, 145, 77, 39, 222, 149, 190, 52, 81, 166, 83, 199, 78, 135, 89, 177, 
60, 171, 100, 152, 135, 90, 114, 118, 141, 222, 193, 8, 118, 135, 125, 96, 82, 57, 180, 103, 
159, 208, 114, 141, 117, 50, 14, 15, 145, 63, 176, 77, 92, 167, 120, 110, 16, 71, 229, 180, 
56, 100, 46, 175, 85, 148, 52, 24, 133, 214, 123, 172, 84, 241, 125, 226, 159, 19, 211, 175, 
131, 216, 58, 6, 35, 175, 167, 162, 172, 0, 189, 214, 124, 72, 170, 55, 15, 104, 177, 113, 
142, 238, 251, 100, 89, 3, 253, 77, 37, 27, 200, 15, 80, 229, 225, 82, 45, 239, 163, 199, 
9, 189, 178, 158, 155, 35, 90, 206, 6, 81, 230, 68, 177, 61, 65, 80, 76, 226, 173, 76, 
219, 46, 141, 191, 130, 209, 137, 212, 135, 176, 140, 224, 28, 208, 112, 152, 222, 146, 80, 78, 
166, 177, 18, 101, 39, 15, 218, 229, 129, 32, 255, 204, 227, 190, 149, 161, 199, 158, 0, 72, 
204, 117, 249, 26, 57, 153, 111, 18, 83, 136, 100, 13, 24, 127, 183, 105, 227, 172, 252, 132, 
93, 225, 189, 122, 41, 71, 76, 38, 178, 155, 223, 2, 57, 34, 197, 116, 190, 90, 31, 104, 
247, 154, 61, 84, 91, 84, 8, 180, 187, 219, 1, 21, 110, 48, 3, 6, 152, 158, 92, 20, 
48, 175, 104, 16, 94, 82, 91, 140, 197, 188, 228, 220, 17, 42, 81, 241, 36, 255, 112, 219, 
17, 64, 163, 201, 64, 213, 142, 63, 148, 39, 140, 53, 127, 0, 233, 142, 25, 235, 223, 40, 
141, 105, 32, 59, 58, 115, 230, 145, 249, 25, 220, 144, 230, 195, 180, 19, 30, 138, 27, 35, 
255, 251, 62, 234, 209, 74, 172, 29, 255, 52, 66, 75, 31, 54, 224, 90, 100, 72, 166, 91, 
140, 94, 125, 41, 13, 100, 136, 148, 233, 52, 47, 215, 8, 208, 34, 85, 15, 93, 255, 159, 
3, 172, 56, 158, 152, 243, 177, 226, 147, 41, 9, 157, 242, 190, 203, 192, 175, 15, 209, 22, 
115, 223, 176, 33, 155, 42, 57, 20, 105, 231, 26, 19, 50, 222, 147, 230, 127, 251, 123, 98, 
88, 214, 2, 88, 83, 139, 194, 131, 197, 66, 149, 190, 70, 240, 79, 224, 1, 224, 215, 47, 
110, 77, 49, 201, 204, 234, 213, 86, 81, 28, 158, 92, 85, 238, 96, 13, 114, 113, 107, 21, 
97, 148, 43, 156, 192, 87, 86, 239, 131, 204, 169, 6, 142, 174, 0, 111, 30, 245, 201, 125, 
197, 21, 11, 39, 96, 22, 246, 176, 3, 46, 34, 249, 67, 74, 66, 92, 188, 58, 7, 231, 
123, 25, 111, 61, 123, 196, 65, 208, 63, 67, 71, 141, 182, 112, 23, 255, 252, 34, 172, 84, 
123, 192, 97, 242, 244, 54, 241, 172, 124, 143, 35, 112, 0, 68, 95, 227, 255, 72, 133, 60, 
39, 66, 206, 16, 142, 180, 145, 242, 81, 29, 128, 193, 186, 135, 66, 40, 170, 245, 236, 207, 
32, 92, 222, 219, 34, 185, 1, 225, 199, 190, 6, 9, 248, 105, 30, 87, 70, 86, 176, 25, 
233, 122, 116, 35, 168, 205, 114, 198, 193, 101, 149, 67, 72, 194, 102, 128, 49, 129, 153, 242, 
77, 60, 188, 6, 212, 18, 102, 208, 71, 141, 163, 249, 64, 85, 6, 23, 47, 105, 93, 231, 
192, 183, 226, 231, 17, 194, 115, 88, 98, 96, 72, 81, 53, 87, 73, 161, 171, 127, 52, 82, 
210, 187, 8, 78, 237, 118, 59, 237, 40, 120, 72, 231, 254, 84, 154, 49, 101, 59, 208, 2, 
30, 100, 44, 36, 116, 108, 24, 241, 139, 29, 142, 151, 5, 36, 237, 14, 107, 140, 126, 208, 
211, 126, 214, 74, 182, 22, 57, 206, 114, 83, 73, 191, 100, 104, 78, 71, 202, 240, 205, 62, 
102, 111, 123, 102, 148, 14, 51, 247, 11, 75, 136, 246, 111, 185, 218, 82, 183, 226, 80, 203, 
155, 102, 18, 171, 67, 149, 145, 160, 17, 213, 170, 140, 179, 120, 74, 140, 131, 75, 251, 126, 
173, 9, 50, 181, 135, 120, 179, 254, 140, 169, 241, 32, 230, 143, 157, 92, 148, 114, 117, 108, 
150, 199, 254, 16, 53, 142, 48, 172, 109, 34, 155, 194, 200, 225, 235, 196, 197, 19, 71, 113, 
80, 39, 149, 160, 91, 196, 75, 166, 2, 249, 220, 22, 202, 191, 115, 40, 63, 106, 209, 14, 
31, 196, 113, 168, 175, 121, 20, 84, 173, 34, 92, 108, 7, 64, 47, 15, 44, 47, 132, 77, 
23, 80, 44, 96, 223, 236, 144, 125, 72, 127, 251, 42, 243, 177, 114, 229, 225, 109, 183, 189, 
41, 88, 111, 21, 77, 56, 24, 142, 193, 209, 117, 177, 182, 161, 222, 119, 176, 180, 231, 122, 
213, 69, 191, 186, 28, 215, 27, 233, 17, 203, 31, 96, 140, 61, 133, 232, 113, 240, 70, 3, 
1, 8, 161, 193, 233, 143, 238, 2, 235, 107, 30, 63, 161, 74, 250, 233, 225, 237, 47, 12, 
150, 187, 203, 5, 28, 73, 111, 118, 180, 123, 127, 168, 255, 39, 175, 128, 69, 92, 54, 7, 
203, 242, 98, 117, 219, 217, 209, 192, 78, 74, 163, 210, 137, 223, 222, 58, 113, 103, 73, 74, 
22, 24, 20, 90, 100, 233, 172, 227, 114, 162, 139, 126, 62, 65, 81, 179, 90, 231, 91, 119, 
58, 172, 124, 166, 153, 34, 122, 188, 69, 227, 122, 139, 51, 122, 143, 102, 228, 83, 148, 145, 
241, 44, 24, 136, 226, 48, 154, 119, 123, 174, 127, 93, 195, 100, 39, 185, 50, 253, 103, 168, 
116, 155, 238, 252, 229, 181, 58, 119, 212, 141, 144, 159, 251, 154, 8, 117, 221, 54, 34, 157, 
67, 206, 32, 98, 202, 81, 9, 174, 157, 253, 60, 4, 251, 210, 143, 224, 130, 190, 143, 33, 
6, 128, 184, 71, 117, 49, 98, 89, 79, 219, 42, 129, 212, 250, 129, 164, 34, 190, 57, 11, 
75, 185, 55, 119, 157, 92, 8, 171, 173, 44, 3, 211, 7, 212, 138, 76, 77, 221, 117, 136, 
140, 114, 39, 247, 116, 203, 65, 121, 74, 141, 207, 84, 77, 237, 53, 86, 4, 61, 34, 89, 
142, 56, 196, 30, 211, 211, 2, 50, 132, 97, 93, 15, 137, 198, 100, 4, 193, 64, 231, 26, 
107, 27, 124, 3, 212, 149, 201, 188, 245, 184, 40, 23, 61, 154, 98, 80, 150, 173, 131, 233, 
34, 170, 246, 100, 197, 237, 6, 223, 47, 49, 37, 217, 132, 245, 24, 56, 60, 99, 10, 232, 
36, 17, 170, 166, 48, 4, 242, 98, 171, 241, 2, 34, 92, 29, 199, 169, 157, 150, 105, 36, 
35, 253, 96, 76, 227, 21, 237, 161, 93, 43, 91, 92, 253, 107, 239, 168, 166, 129, 80, 93, 
236, 51, 22, 73, 213, 226, 131, 81, 63, 204, 202, 100, 60, 44, 115, 83, 161, 211, 104, 204, 
83, 187, 35, 114, 214, 72, 48, 244, 46, 20, 73, 215, 54, 89, 120, 8, 253, 231, 190, 86, 
206, 125, 145, 17, 137, 207, 31, 165, 12, 68, 82, 59, 198, 94, 131, 144, 157, 196, 123, 137, 
70, 0, 42, 136, 109, 145, 226, 231, 39, 179, 113, 158, 125, 100, 97, 99, 86, 162, 45, 140, 
249, 143, 199, 131, 118, 125, 54, 112, 202, 72, 154, 139, 175, 59, 174, 233, 179, 56, 151, 155, 
160, 170, 57, 49, 144, 198, 72, 90, 91, 13, 40, 131, 23, 73, 12, 242, 57, 56, 2, 167, 
19, 194, 124, 207, 49, 54, 159, 83, 208, 177, 4, 136, 185, 200, 72, 46, 73, 4, 132, 17, 
129, 214, 178, 86, 185, 127, 44, 57, 32, 254, 98, 65, 72, 34, 96, 49, 3, 23, 236, 136, 
122, 139, 138, 208, 60, 225, 58, 156, 138, 197, 220, 91, 126, 105, 70, 246, 139, 102, 222, 23, 
254, 9, 147, 178, 214, 185, 235, 241, 81, 240, 195, 79, 32, 10, 210, 106, 193, 24, 40, 109, 
132, 99, 153, 119, 164, 205, 163, 86, 78, 223, 155, 141, 89, 216, 233, 224, 160, 202, 182, 252, 
73, 245, 192, 233, 142, 216, 114, 33, 134, 116, 198, 137, 239, 243, 109, 85, 73, 54, 220, 85, 
168, 104, 14, 126, 222, 199, 127, 111, 73, 42, 139, 230, 28, 157, 151, 21, 72, 158, 185, 207, 
27, 37, 33, 220, 245, 191, 150, 68, 153, 141, 196, 237, 53, 197, 6, 19, 203, 186, 82, 184, 
72, 116, 170, 251, 138, 189, 36, 167, 242, 0, 245, 117, 8, 196, 192, 252, 58, 107, 37, 84, 
8, 85, 212, 205, 49, 55, 47, 166, 94, 214, 157, 122, 14, 26, 65, 52, 137, 195, 56, 186, 
71, 177, 160, 110, 133, 166, 184, 232, 236, 18, 161, 4, 235, 34, 20, 125, 140, 98, 235, 158, 
95, 83, 124, 155, 148, 230, 237, 202, 231, 30, 85, 23, 223, 13, 154, 187, 173, 222, 253, 5, 
52, 34, 192, 82, 106, 145, 52, 245, 191, 175, 195, 206, 67, 7, 19, 33, 185, 43, 16, 29, 
237, 53, 135, 38, 23, 191, 43, 113, 111, 159, 119, 240, 35, 189, 21, 147, 34, 109, 112, 130, 
120, 168, 65, 34, 221, 248, 25, 146, 177, 104, 89, 107, 225, 215, 43, 204, 217, 112, 15, 143, 
10, 64, 96, 243, 58, 14, 0, 24, 37, 173, 107, 164, 226, 200, 193, 227, 203, 2, 51, 40, 
13, 126, 24, 187, 168, 134, 102, 16, 76, 153, 199, 230, 89, 110, 178, 146, 113, 118, 96, 5, 
99, 235, 219, 176, 0, 194, 227, 7, 60, 84, 25, 33, 115, 124, 132, 160, 154, 145, 173, 231, 
208, 186, 206, 102, 159, 180, 169, 245, 80, 197, 248, 177, 12, 143, 135, 152, 103, 140, 52, 123, 
127, 165, 38, 126, 255, 190, 13, 5, 45, 184, 242, 73, 63, 240, 243, 170, 48, 254, 212, 28, 
171, 159, 203, 138, 59, 241, 153, 113, 191, 4, 250, 141, 87, 96, 223, 202, 198, 192, 88, 253, 
91, 7, 181, 121, 0, 102, 5, 77, 166, 134, 73, 182, 52, 109, 115, 142, 230, 154, 1, 86, 
212, 254, 232, 182, 250, 198, 180, 203, 217, 217, 61, 62, 245, 251, 242, 213, 155, 1, 172, 144, 
24, 70, 182, 216, 144, 65, 129, 122, 214, 40, 87, 1, 112, 58, 254, 36, 201, 29, 201, 155, 
39, 37, 243, 109, 52, 203, 53, 35, 129, 175, 174, 71, 213, 208, 36, 19, 113, 114, 40, 66, 
1, 50, 215, 131, 209, 253, 208, 219, 32, 8, 235, 118, 190, 8, 139, 172, 13, 151, 24, 211, 
184, 255, 233, 138, 70, 162, 113, 119, 156, 179, 96, 7, 35, 159, 20, 202, 245, 180, 51, 84, 
5, 29, 64, 67, 10, 26, 151, 75, 10, 213, 250, 70, 61, 83, 243, 9, 108, 173, 93, 110, 
116, 184, 244, 88, 61, 138, 75, 117, 146, 26, 226, 217, 151, 186, 239, 174, 35, 120, 68, 229, 
145, 224, 22, 161, 94, 82, 233, 12, 225, 208, 17, 154, 43, 23, 83, 130, 184, 98, 204, 116, 
121, 170, 17, 247, 180, 137, 46, 79, 178, 242, 214, 31, 224, 187, 86, 207, 228, 54, 42, 194, 
68, 53, 39, 251, 184, 70, 45, 77, 218, 82, 11, 67, 192, 146, 112, 51, 63, 220, 19, 252, 
143, 4, 89, 160, 36, 82, 177, 169, 246, 9, 121, 192, 249, 131, 89, 67, 242, 99, 177, 226, 
108, 112, 212, 147, 109, 129, 158, 39, 100, 66, 146, 157, 104, 185, 47, 147, 6, 125, 19, 153, 
218, 74, 244, 167, 169, 174, 226, 81, 23, 126, 240, 182, 76, 163, 170, 142, 140, 85, 51, 56, 
81, 117, 116, 118, 124, 96, 38, 35, 102, 173, 34, 110, 132, 179, 1, 47, 250, 232, 84, 228, 
160, 167, 63, 206, 31, 160, 210, 157, 180, 221, 5, 131, 215, 221, 27, 123, 210, 24, 254, 17, 
54, 111, 172, 62, 2, 74, 228, 80, 61, 108, 49, 181, 135, 242, 242, 63, 7, 194, 114, 98, 
160, 72, 2, 205, 64, 161, 162, 111, 143, 117, 162, 58, 61, 198, 95, 208, 200, 84, 175, 1, 
140, 156, 28, 169, 140, 193, 0, 250, 75, 158, 182, 124, 43, 145, 236, 149, 188, 158, 205, 182, 
79, 28, 32, 144, 81, 109, 44, 168, 66, 209, 24, 206, 249, 204, 62, 135, 125, 209, 94, 95, 
126, 216, 166, 66, 69, 29, 21, 159, 90, 91, 225, 134, 53, 74, 80, 197, 229, 241, 13, 32, 
20, 227, 66, 195, 128, 191, 78, 199, 220, 194, 253, 57, 165, 58, 222, 75, 109, 10, 41, 115, 
187, 68, 232, 148, 47, 117, 224, 58, 207, 240, 250, 22, 61, 120, 191, 158, 18, 164, 216, 223, 
175, 176, 179, 75, 160, 120, 65, 229, 168, 193, 118, 255, 135, 128, 179, 183, 0, 2, 87, 210, 
8, 243, 32, 226, 16, 128, 161, 101, 221, 241, 95, 21, 149, 15, 88, 43, 121, 22, 135, 122, 
209, 203, 149, 122, 28, 108, 164, 17, 153, 171, 157, 188, 104, 247, 205, 118, 214, 154, 162, 80, 
168, 94, 51, 73, 135, 41, 220, 227, 9, 198, 82, 182, 44, 38, 0, 228, 235, 218, 241, 93, 
158, 123, 137, 228, 66, 90, 56, 185, 36, 213, 90, 232, 17, 37, 133, 155, 34, 116, 178, 179, 
80, 255, 231, 32, 102, 98, 24, 16, 201, 138, 76, 64, 106, 91, 218, 168, 135, 116, 44, 224, 
11, 136, 20, 176, 134, 172, 207, 166, 52, 132, 28, 12, 33, 217, 91, 195, 117, 47, 71, 91, 
238, 82, 93, 142, 200, 136, 34, 245, 82, 226, 175, 235, 20, 111, 162, 9, 209, 187, 171, 247, 
234, 81, 72, 213, 119, 103, 76, 176, 214, 43, 156, 149, 29, 219, 53, 89, 153, 111, 169, 198, 
122, 98, 88, 175, 56, 183, 203, 171, 74, 83, 225, 46, 13, 191, 225, 188, 31, 13, 36, 77, 
219, 60, 161, 11, 196, 33, 81, 187, 32, 159, 210, 250, 158, 29, 19, 241, 240, 170, 87, 148, 
65, 195, 254, 14, 8, 81, 37, 62, 156, 101, 197, 4, 244, 129, 2, 126, 35, 11, 254, 54, 
63, 140, 195, 55, 103, 4, 231, 91, 137, 185, 162, 95, 169, 129, 202, 54, 159, 30, 242, 142, 
249, 243, 220, 115, 228, 202, 56, 249, 239, 240, 27, 43, 46, 100, 76, 33, 176, 218, 139, 34, 
52, 151, 118, 6, 85, 203, 154, 140, 111, 86, 74, 227, 251, 103, 233, 51, 199, 224, 73, 226, 
120, 92, 111, 207, 7, 111, 152, 94, 20, 186, 203, 132, 247, 172, 165, 16, 170, 139, 216, 68, 
98, 196, 50, 53, 54, 134, 251, 127, 43, 97, 142, 251, 6, 152, 102, 63, 26, 116, 197, 223, 
65, 7, 71, 197, 65, 16, 57, 224, 109, 11, 114, 124, 245, 115, 176, 149, 70, 12, 98, 115, 
44, 119, 186, 39, 132, 8, 126, 200, 149, 146, 247, 199, 51, 241, 9, 41, 195, 203, 239, 232, 
10, 83, 249, 180, 46, 93, 19, 57, 135, 142, 170, 213, 42, 92, 28, 197, 197, 7, 245, 106, 
195, 165, 251, 250, 226, 23, 23, 115, 22, 178, 43, 254, 158, 191, 147, 61, 140, 130, 255, 202, 
136, 132, 199, 164, 77, 77, 78, 20, 66, 94, 70, 90, 81, 168, 21, 251, 73, 245, 250, 218, 
8, 0, 213, 68, 88, 192, 236, 246, 231, 119, 141, 71, 233, 242, 145, 210, 42, 181, 187, 125, 
64, 246, 115, 99, 91, 229, 98, 215, 191, 184, 204, 0, 165, 235, 191, 125, 194, 102, 142, 190, 
114, 198, 118, 129, 166, 192, 81, 75, 193, 174, 176, 166, 213, 254, 163, 119, 213, 168, 75, 114, 
90, 49, 63, 70, 239, 58, 31, 45, 16, 113, 127, 71, 186, 60, 182, 90, 128, 219, 198, 209, 
109, 100, 16, 97, 212, 159, 233, 179, 118, 25, 160, 219, 159, 232, 162, 33, 222, 129, 237, 46, 
6, 171, 191, 30, 94, 138, 161, 29, 139, 227, 40, 87, 69, 232, 112, 160, 108, 211, 53, 57, 
100, 25, 170, 168, 198, 16, 52, 117, 202, 225, 35, 169, 222, 176, 205, 252, 218, 71, 81, 13, 
128, 42, 168, 123, 217, 65, 25, 168, 111, 54, 58, 189, 20, 193, 211, 158, 45, 179, 231, 84, 
135, 242, 242, 207, 78, 127, 181, 233, 177, 225, 76, 178, 219, 157, 147, 143, 183, 122, 17, 119, 
217, 69, 26, 254, 235, 234, 197, 154, 140, 117, 215, 78, 94, 163, 162, 240, 14, 38, 240, 66, 
118, 214, 133, 238, 36, 105, 2, 19, 58, 98, 151, 124, 115, 0, 223, 23, 114, 75, 127, 155, 
147, 209, 36, 102, 83, 132, 40, 82, 166, 205, 148, 199, 1, 245, 83, 88, 77, 72, 201, 205, 
236, 203, 11, 239, 69, 30, 31, 46, 137, 210, 37, 71, 252, 54, 215, 126, 136, 116, 183, 140, 
165, 1, 189, 190, 11, 169, 34, 39, 188, 169, 30, 7, 73, 182, 153, 214, 17, 110, 139, 84, 
45, 163, 108, 8, 64, 115, 54, 253, 241, 220, 71, 20, 83, 9, 190, 73, 17, 94, 168, 46, 
242, 152, 71, 161, 216, 124, 149, 197, 97, 79, 254, 128, 13, 152, 214, 250, 82, 28, 229, 180, 
110, 230, 20, 182, 163, 189, 242, 147, 26, 219, 246, 236, 78, 206, 84, 19, 16, 150, 76, 96, 
88, 206, 122, 122, 27, 46, 249, 5, 139, 0, 181, 178, 35, 205, 127, 68, 66, 104, 36, 253, 
126, 182, 22, 41, 207, 13, 218, 229, 51, 72, 9, 222, 250, 123, 115, 120, 59, 81, 160, 55, 
198, 32, 117, 108, 162, 153, 146, 28, 192, 147, 249, 17, 242, 117, 253, 72, 252, 228, 188, 232, 
135, 252, 177, 132, 171, 43, 123, 28, 175, 115, 220, 65, 14, 171, 97, 100, 58, 49, 168, 36, 
133, 49, 10, 72, 18, 214, 254, 122, 156, 225, 202, 143, 96, 159, 247, 12, 57, 42, 57, 139, 
126, 76, 90, 111, 207, 23, 192, 143, 37, 99, 26, 253, 167, 35, 21, 20, 100, 169, 117, 221, 
100, 229, 183, 4, 27, 141, 237, 128, 115, 171, 38, 48, 175, 47, 137, 214, 142, 190, 196, 94, 
66, 95, 252, 233, 80, 185, 36, 13, 30, 239, 248, 51, 107, 55, 254, 85, 255, 218, 222, 26, 
52, 158, 167, 180, 196, 138, 54, 121, 4, 216, 230, 38, 179, 75, 185, 1, 41, 91, 224, 213, 
184, 11, 237, 125, 26, 47, 129, 174, 171, 240, 91, 26, 236, 255, 206, 55, 117, 234, 60, 76, 
4, 55, 250, 127, 135, 214, 20, 220, 14, 78, 96, 152, 51, 223, 165, 24, 114, 170, 135, 168, 
70, 48, 78, 86, 54, 56, 11, 114, 146, 38, 154, 195, 143, 18, 169, 62, 62, 232, 48, 198, 
13, 2, 78, 4, 142, 170, 101, 163, 153, 19, 59, 239, 68, 213, 117, 238, 180, 59, 171, 218, 
27, 242, 204, 121, 186, 238, 43, 197, 31, 81, 64, 114, 83, 253, 242, 45, 64, 214, 158, 153, 
205, 190, 87, 107, 3, 43, 192, 199, 57, 12, 32, 37, 130, 83, 16, 61, 34, 7, 202, 24, 
147, 212, 74, 235, 16, 28, 52, 207, 16, 104, 90, 211, 230, 76, 66, 33, 158, 210, 10, 170, 
169, 184, 102, 80, 137, 201, 211, 87, 237, 195, 152, 93, 78, 96, 249, 192, 215, 250, 201, 106, 
81, 39, 126, 55, 100, 21, 122, 86, 97, 82, 117, 26, 150, 111, 23, 36, 73, 126, 100, 95, 
80, 176, 25, 141, 86, 6, 151, 132, 191, 61, 138, 149, 30, 230, 241, 95, 161, 227, 65, 219, 
193, 120, 146, 67, 224, 18, 2, 61, 72, 254, 6, 112, 131, 227, 133, 146, 24, 25, 34, 112, 
165, 188, 57, 29, 8, 161, 83, 73, 102, 108, 16, 92, 133, 249, 198, 242, 1, 253, 167, 142, 
64, 74, 107, 99, 112, 179, 51, 44, 191, 0, 47, 234, 129, 138, 65, 98, 33, 184, 255, 42, 
12, 142, 170, 145, 151, 6, 128, 80, 28, 110, 183, 223, 121, 130, 113, 182, 154, 165, 132, 28, 
212, 76, 65, 130, 13, 136, 108, 31, 79, 222, 30, 175, 61, 239, 240, 250, 204, 122, 131, 132, 
219, 79, 24, 196, 56, 174, 225, 164, 109, 88, 85, 10, 192, 178, 218, 70, 74, 131, 199, 173, 
109, 145, 108, 5, 4, 78, 169, 188, 168, 237, 5, 136, 4, 25, 216, 89, 3, 96, 90, 103, 
245, 105, 207, 177, 17, 225, 8, 217, 176, 211, 239, 198, 183, 142, 73, 149, 35, 207, 208, 51, 
236, 87, 204, 44, 83, 39, 247, 135, 162, 7, 228, 81, 72, 88, 173, 90, 105, 85, 39, 57, 
18, 137, 210, 90, 222, 122, 54, 233, 244, 77, 161, 101, 176, 173, 158, 114, 191, 2, 183, 15, 
40, 135, 39, 185, 211, 47, 194, 169, 12, 174, 113, 167, 149, 211, 162, 197, 93, 111, 115, 95, 
19, 187, 19, 217, 47, 212, 136, 54, 28, 147, 90, 6, 56, 245, 226, 91, 29, 217, 186, 74, 
184, 102, 86, 89, 57, 115, 140, 167, 243, 250, 114, 122, 132, 191, 51, 55, 82, 21, 171, 98, 
5, 249, 71, 251, 3, 7, 128, 185, 47, 70, 58, 38, 244, 100, 6, 86, 198, 100, 149, 5, 
217, 15, 135, 95, 220, 40, 53, 206, 196, 59, 116, 47, 100, 115, 220, 112, 218, 3, 117, 245, 
103, 96, 89, 51, 207, 127, 186, 8, 32, 40, 199, 28, 244, 207, 168, 106, 211, 17, 32, 237, 
161, 10, 154, 235, 190, 139, 199, 190, 155, 92, 50, 77, 164, 48, 127, 120, 148, 88, 120, 99, 
87, 116, 17, 32, 163, 72, 184, 107, 69, 113, 113, 109, 102, 86, 103, 226, 155, 226, 114, 163, 
149, 7, 165, 135, 112, 239, 203, 186, 45, 212, 25, 220, 37, 64, 216, 60, 131, 37, 230, 148, 
50, 87, 26, 63, 239, 56, 148, 78, 48, 42, 242, 157, 131, 188, 52, 138, 153, 27, 246, 88, 
75, 23, 147, 145, 148, 164, 115, 37, 123, 8, 212, 28, 151, 88, 221, 53, 227, 14, 43, 132, 
86, 159, 78, 57, 34, 40, 83, 27, 82, 154, 94, 138, 17, 148, 111, 192, 186, 115, 50, 195, 
12, 232, 213, 143, 126, 195, 18, 61, 227, 79, 151, 165, 203, 25, 184, 109, 12, 41, 112, 206, 
26, 106, 43, 230, 215, 45, 43, 114, 185, 148, 18, 97, 133, 48, 148, 107, 26, 199, 165, 80, 
11, 178, 189, 134, 51, 205, 10, 204, 208, 88, 63, 29, 193, 115, 251, 190, 163, 241, 29, 92, 
247, 232, 18, 208, 28, 186, 124, 100, 3, 137, 9, 63, 190, 46, 151, 112, 54, 174, 100, 124, 
33, 14, 92, 151, 105, 247, 42, 204, 60, 36, 116, 48, 40, 207, 75, 66, 200, 98, 240, 93, 
52, 160, 80, 248, 12, 110, 242, 9, 116, 143, 40, 222, 12, 127, 238, 205, 99, 168, 98, 84, 
73, 224, 154, 33, 15, 191, 113, 93, 89, 72, 45, 237, 74, 15, 218, 37, 139, 114, 210, 251, 
137, 216, 236, 106, 27, 123, 214, 97, 87, 179, 131, 220, 221, 127, 75, 5, 138, 201, 60, 14, 
201, 90, 66, 5, 207, 229, 49, 46, 193, 215, 44, 213, 177, 210, 70, 224, 224, 52, 28, 177, 
38, 90, 79, 144, 15, 199, 129, 75, 96, 196, 112, 71, 57, 187, 175, 208, 219, 35, 118, 173, 
33, 21, 29, 254, 222, 186, 214, 85, 37, 80, 136, 158, 210, 158, 9, 14, 32, 108, 161, 48, 
222, 103, 69, 114, 41, 201, 151, 129, 34, 139, 40, 234, 37, 107, 102, 115, 251, 117, 253, 127, 
251, 117, 238, 121, 206, 1, 129, 240, 94, 80, 192, 54, 251, 198, 1, 48, 117, 38, 141, 1, 
122, 136, 157, 209, 235, 72, 134, 167, 196, 97, 165, 2, 4, 15, 216, 173, 147, 53, 32, 55, 
229, 240, 171, 246, 84, 52, 124, 51, 50, 113, 37, 97, 159, 194, 117, 50, 89, 137, 141, 98, 
247, 90, 118, 83, 110, 75, 27, 15, 59, 250, 202, 11, 252, 84, 165, 66, 216, 74, 127, 133, 
218, 239, 238, 118, 178, 144, 254, 164, 35, 179, 149, 181, 161, 51, 80, 196, 211, 225, 167, 127, 
71, 236, 35, 117, 234, 141, 26, 76, 61, 117, 3, 23, 199, 211, 220, 55, 225, 63, 87, 199, 
173, 10, 173, 238, 165, 11, 80, 90, 100, 164, 255, 236, 190, 92, 19, 35, 197, 105, 69, 23, 
15, 171, 56, 11, 175, 161, 24, 155, 14, 93, 193, 72, 170, 102, 127, 198, 249, 71, 83, 229, 
82, 239, 181, 230, 5, 89, 58, 111, 67, 209, 246, 236, 135, 192, 17, 5, 221, 158, 226, 44, 
10, 219, 87, 161, 113, 221, 10, 141, 155, 174, 111, 226, 156, 172, 183, 203, 114, 220, 148, 117, 
37, 102, 176, 85, 216, 248, 8, 220, 29, 228, 107, 123, 105, 65, 39, 153, 21, 117, 187, 238, 
34, 171, 43, 244, 7, 131, 139, 24, 166, 148, 189, 114, 131, 35, 25, 44, 88, 197, 47, 45, 
213, 38, 93, 198, 111, 145, 91, 187, 228, 44, 237, 42, 13, 79, 218, 236, 165, 53, 253, 184, 
181, 134, 139, 24, 198, 10, 78, 241, 97, 13, 216, 1, 76, 86, 91, 83, 156, 220, 98, 96, 
191, 205, 148, 53, 128, 226, 169, 201, 30, 225, 49, 114, 62, 251, 136, 74, 223, 114, 4, 75, 
87, 163, 167, 206, 171, 67, 231, 85, 48, 195, 193, 4, 178, 67, 40, 1, 220, 157, 172, 4, 
5, 219, 158, 200, 178, 71, 133, 71, 147, 127, 174, 214, 115, 211, 205, 238, 76, 95, 181, 63, 
233, 124, 232, 249, 207, 14, 42, 186, 10, 72, 103, 36, 198, 35, 161, 76, 28, 83, 110, 5, 
205, 85, 18, 125, 177, 180, 50, 245, 160, 227, 230, 244, 8, 1, 139, 24, 69, 198, 139, 254, 
106, 27, 224, 68, 76, 131, 85, 8, 228, 68, 22, 116, 93, 241, 161, 122, 241, 19, 149, 164, 
38, 187, 28, 63, 36, 26, 69, 158, 194, 227, 202, 63, 27, 24, 235, 241, 107, 168, 161, 197, 
100, 100, 4, 173, 135, 105, 138, 132, 155, 1, 165, 193, 174, 222, 186, 88, 200, 164, 111, 190, 
63, 54, 251, 57, 39, 85, 251, 130, 201, 240, 100, 244, 167, 74, 41, 125, 255, 148, 78, 124, 
133, 151, 77, 28, 14, 194, 113, 76, 169, 245, 8, 48, 85, 110, 52, 4, 45, 194, 95, 17, 
127, 185, 239, 67, 52, 91, 177, 145, 27, 247, 6, 114, 95, 196, 171, 23, 36, 8, 4, 136, 
26, 33, 200, 162, 111, 192, 204, 33, 104, 179, 170, 107, 221, 137, 13, 192, 73, 137, 55, 76, 
153, 67, 255, 230, 148, 0, 50, 95, 151, 64, 116, 7, 10, 160, 198, 74, 160, 98, 238, 39, 
64, 66, 145, 225, 21, 2, 51, 24, 196, 104, 146, 169, 141, 137, 182, 82, 42, 68, 164, 157, 
111, 22, 5, 178, 156, 0, 108, 148, 73, 197, 2, 185, 106, 161, 8, 231, 161, 196, 141, 206, 
223, 91, 157, 183, 252, 161, 254, 238, 108, 6, 188, 24, 77, 220, 226, 102, 230, 137, 231, 201, 
228, 4, 43, 89, 84, 254, 209, 134, 29, 102, 88, 71, 248, 228, 132, 136, 2, 226, 219, 92, 
188, 146, 232, 104, 201, 85, 222, 123, 228, 139, 88, 75, 90, 50, 154, 154, 157, 176, 234, 245, 
201, 34, 159, 81, 98, 249, 14, 130, 147, 163, 203, 75, 121, 147, 80, 196, 12, 90, 153, 29, 
246, 47, 98, 96, 208, 90, 122, 27, 182, 205, 24, 31, 212, 158, 36, 163, 238, 125, 9, 73, 
178, 112, 95, 247, 218, 200, 134, 101, 225, 243, 183, 228, 49, 52, 21, 201, 55, 156, 237, 237, 
189, 255, 25, 130, 124, 206, 185, 74, 103, 84, 97, 89, 78, 194, 29, 231, 31, 104, 97, 253, 
3, 219, 78, 29, 238, 125, 23, 247, 233, 219, 12, 143, 156, 240, 105, 26, 134, 89, 73, 37, 
74, 43, 108, 16, 151, 248, 245, 237, 196, 65, 79, 76, 52, 69, 50, 6, 134, 221, 25, 162, 
123, 230, 195, 209, 116, 3, 217, 247, 65, 131, 96, 255, 250, 159, 201, 113, 135, 251, 18, 127, 
236, 174, 2, 137, 222, 251, 211, 26, 121, 55, 71, 115, 44, 185, 166, 209, 245, 5, 149, 183, 
113, 154, 153, 52, 107, 212, 254, 4, 32, 17, 191, 203, 41, 95, 201, 165, 192, 217, 14, 8, 
98, 39, 143, 85, 231, 147, 186, 57, 142, 164, 52, 44, 28, 78, 141, 144, 124, 140, 185, 69, 
127, 66, 201, 72, 112, 159, 125, 22, 123, 122, 145, 148, 212, 0, 107, 230, 53, 22, 248, 33, 
202, 200, 138, 161, 120, 77, 84, 96, 72, 194, 18, 250, 37, 83, 167, 91, 215, 207, 61, 218, 
11, 213, 201, 128, 248, 28, 127, 66, 122, 177, 36, 177, 58, 74, 180, 160, 134, 90, 160, 210, 
136, 228, 224, 139, 221, 100, 189, 142, 12, 99, 104, 94, 17, 252, 116, 160, 162, 166, 104, 47, 
105, 95, 186, 137, 165, 35, 19, 165, 147, 211, 90, 150, 147, 230, 24, 164, 71, 77, 101, 160, 
236, 218, 250, 219, 126, 8, 221, 115, 125, 5, 117, 219, 20, 54, 211, 4, 235, 104, 58, 25, 
108, 42, 173, 0, 34, 86, 93, 147, 48, 163, 170, 175, 52, 89, 97, 15, 240, 106, 7, 56, 
170, 187, 199, 19, 119, 252, 136, 39, 44, 220, 10, 184, 63, 243, 38, 163, 80, 248, 201, 92, 
101, 224, 223, 117, 51, 160, 80, 10, 195, 25, 202, 235, 152, 204, 200, 241, 155, 136, 221, 91, 
85, 234, 30, 86, 148, 87, 70, 109, 100, 2, 64, 167, 62, 210, 168, 156, 147, 148, 94, 155, 
221, 226, 114, 203, 152, 203, 153, 49, 204, 30, 239, 103, 229, 18, 122, 180, 191, 26, 147, 160, 
227, 224, 166, 162, 245, 86, 225, 118, 184, 133, 181, 106, 17, 68, 249, 19, 190, 93, 169, 60, 
52, 120, 139, 174, 224, 97, 193, 130, 156, 234, 22, 53, 51, 92, 49, 39, 171, 153, 172, 56, 
160, 181, 123, 107, 226, 102, 158, 222, 82, 114, 219, 19, 242, 228, 13, 238, 28, 151, 111, 205, 
43, 46, 250, 172, 175, 147, 123, 109, 45, 240, 253, 173, 167, 72, 62, 35, 174, 209, 159, 59, 
26, 76, 166, 255, 75, 69, 54, 196, 104, 239, 117, 222, 105, 185, 141, 211, 234, 0, 14, 112, 
143, 15, 120, 176, 240, 76, 131, 173, 89, 159, 30, 211, 105, 62, 65, 141, 255, 169, 55, 21, 
40, 29, 219, 101, 81, 103, 6, 43, 214, 158, 168, 98, 120, 208, 236, 44, 236, 42, 203, 177, 
35, 207, 250, 161, 214, 61, 62, 12, 153, 208, 84, 97, 191, 18, 178, 177, 246, 73, 136, 130, 
126, 169, 238, 0, 46, 100, 42, 38, 211, 66, 42, 211, 202, 141, 235, 213, 214, 224, 216, 97, 
146, 86, 176, 33, 69, 79, 42, 216, 58, 156, 136, 222, 42, 103, 3, 204, 156, 143, 16, 14, 
208, 99, 43, 162, 219, 206, 30, 163, 149, 97, 6, 252, 79, 181, 40, 37, 232, 159, 9, 29, 
242, 242, 192, 133, 112, 150, 167, 98, 107, 158, 53, 97, 52, 37, 51, 189, 147, 202, 27, 112, 
95, 29, 3, 196, 194, 101, 226, 109, 26, 73, 245, 51, 134, 4, 234, 237, 63, 127, 125, 113, 
30, 26, 102, 0, 233, 241, 231, 142, 235, 253, 67, 123, 152, 114, 193, 255, 177, 86, 174, 147, 
102, 254, 213, 196, 237, 79, 123, 187, 141, 43, 188, 56, 14, 45, 248, 12, 70, 31, 92, 175, 
12, 174, 239, 240, 16, 176, 58, 46, 131, 194, 158, 49, 80, 2, 231, 58, 241, 201, 119, 38, 
228, 7, 125, 71, 132, 208, 130, 52, 222, 161, 223, 42, 118, 205, 165, 180, 24, 252, 224, 226, 
12, 33, 178, 47, 11, 124, 88, 125, 212, 119, 116, 59, 174, 131, 25, 136, 168, 67, 201, 231, 
90, 10, 89, 146, 238, 28, 196, 181, 226, 227, 47, 165, 107, 107, 24, 201, 192, 184, 16, 87, 
69, 180, 56, 95, 80, 66, 206, 219, 25, 223, 247, 142, 176, 66, 241, 169, 197, 143, 8, 227, 
234, 29, 34, 7, 208, 143, 27, 183, 47, 16, 105, 150, 19, 84, 178, 139, 101, 212, 248, 126, 
212, 167, 161, 159, 216, 112, 226, 212, 127, 9, 157, 167, 202, 28, 220, 220, 20, 16, 163, 29, 
183, 197, 18, 54, 236, 52, 28, 144, 106, 2, 189, 218, 56, 1, 68, 37, 43, 132, 124, 47, 
133, 171, 222, 6, 118, 145, 73, 18, 4, 222, 111, 96, 242, 39, 118, 16, 188, 200, 160, 166, 
147, 202, 95, 104, 248, 174, 244, 30, 228, 161, 241, 101, 245, 182, 131, 203, 48, 239, 146, 128, 
53, 95, 219, 194, 2, 114, 194, 17, 169, 128, 69, 164, 5, 220, 66, 60, 110, 232, 75, 15, 
107, 87, 4, 239, 172, 188, 120, 38, 123, 196, 0, 79, 89, 39, 17, 152, 249, 192, 198, 52, 
144, 163, 92, 206, 167, 95, 247, 41, 154, 167, 246, 226, 157, 139, 16, 58, 109, 23, 193, 160, 
100, 92, 65, 99, 95, 196, 221, 95, 220, 115, 23, 21, 49, 5, 101, 19, 19, 126, 35, 187, 
31, 247, 66, 125, 147, 113, 31, 23, 22, 113, 64, 26, 217, 86, 22, 138, 253, 4, 148, 246, 
228, 214, 74, 101, 166, 0, 157, 235, 254, 45, 109, 127, 119, 60, 115, 254, 159, 212, 233, 132, 
139, 6, 146, 104, 114, 138, 81, 9, 73, 30, 87, 40, 18, 148, 78, 134, 100, 84, 34, 0, 
83, 137, 245, 132, 70, 127, 27, 31, 80, 126, 239, 29, 177, 120, 238, 1, 99, 169, 113, 90, 
74, 132, 113, 120, 106, 11, 128, 94, 140, 108, 202, 150, 168, 197, 124, 255, 52, 178, 24, 124, 
222, 7, 209, 193, 166, 96, 57, 214, 253, 94, 108, 156, 89, 17, 171, 140, 253, 184, 159, 40, 
54, 108, 114, 212, 232, 219, 217, 91, 244, 56, 27, 212, 128, 77, 23, 100, 72, 108, 60, 56, 
46, 88, 126, 15, 249, 170, 3, 25, 205, 94, 44, 233, 85, 101, 156, 145, 176, 93, 2, 227, 
17, 241, 246, 239, 120, 255, 136, 35, 12, 143, 179, 25, 192, 147, 161, 93, 208, 86, 175, 2, 
20, 183, 27, 72, 36, 160, 209, 180, 1, 218, 97, 150, 215, 94, 144, 19, 34, 1, 48, 33, 
210, 98, 193, 187, 143, 230, 109, 116, 170, 112, 145, 96, 112, 75, 18, 26, 50, 19, 111, 127, 
25, 183, 122, 210, 231, 155, 80, 78, 95, 24, 219, 222, 93, 98, 92, 59, 82, 194, 161, 172, 
79, 53, 103, 191, 241, 39, 117, 78, 248, 244, 235, 50, 103, 205, 177, 122, 171, 95, 104, 145, 
184, 201, 168, 25, 10, 150, 0, 132, 238, 187, 35, 83, 18, 92, 200, 247, 212, 15, 2, 158, 
164, 6, 167, 45, 175, 2, 70, 246, 35, 244, 94, 170, 164, 173, 97, 228, 157, 23, 190, 63, 
180, 9, 205, 63, 222, 87, 216, 36, 251, 4, 38, 202, 246, 10, 96, 176, 218, 37, 236, 131, 
176, 27, 184, 144, 39, 159, 0, 160, 213, 151, 89, 153, 84, 134, 195, 197, 20, 158, 201, 246, 
53, 154, 104, 212, 132, 167, 78, 186, 3, 58, 9, 219, 56, 94, 148, 100, 83, 202, 136, 7, 
246, 4, 135, 212, 64, 50, 128, 247, 81, 117, 158, 73, 196, 70, 232, 43, 237, 89, 214, 254, 
25, 177, 96, 114, 45, 103, 199, 221, 113, 95, 231, 33, 188, 79, 240, 157, 121, 61, 230, 0, 
140, 65, 57, 156, 231, 60, 73, 254, 248, 170, 54, 204, 208, 217, 124, 122, 30, 123, 219, 172, 
128, 243, 159, 172, 102, 78, 185, 103, 47, 30, 91, 232, 91, 64, 84, 208, 254, 173, 198, 58, 
35, 52, 15, 246, 143, 211, 78, 39, 134, 80, 108, 214, 205, 160, 25, 87, 122, 202, 26, 211, 
131, 126, 28, 127, 185, 136, 228, 94, 208, 204, 79, 93, 36, 194, 59, 29, 110, 122, 211, 217, 
162, 117, 62, 194, 45, 175, 192, 194, 119, 97, 255, 125, 49, 93, 189, 149, 249, 106, 130, 218, 
21, 65, 238, 55, 147, 68, 193, 87, 84, 32, 127, 244, 53, 225, 245, 49, 210, 160, 233, 196, 
20, 157, 103, 249, 118, 133, 228, 217, 182, 110, 39, 94, 95, 25, 32, 162, 237, 98, 20, 160, 
204, 27, 0, 195, 238, 85, 159, 138, 46, 101, 123, 176, 211, 72, 19, 80, 15, 34, 2, 145, 
44, 75, 94, 92, 10, 239, 25, 163, 69, 222, 140, 18, 63, 53, 122, 128, 121, 154, 202, 164, 
137, 5, 58, 207, 78, 96, 226, 141, 9, 243, 114, 31, 177, 144, 101, 211, 43, 242, 240, 175, 
221, 107, 7, 185, 146, 217, 183, 149, 50, 203, 4, 122, 139, 110, 177, 236, 55, 211, 156, 88, 
39, 127, 96, 248, 0, 16, 129, 186, 158, 46, 70, 104, 206, 226, 114, 196, 110, 195, 46, 197, 
51, 2, 36, 136, 10, 181, 86, 122, 186, 42, 230, 45, 201, 24, 134, 68, 24, 160, 139, 122, 
8, 152, 8, 144, 133, 154, 49, 47, 130, 111, 37, 79, 62, 219, 19, 205, 252, 46, 121, 106, 
132, 13, 229, 15, 237, 143, 92, 79, 108, 161, 123, 83, 218, 132, 239, 155, 96, 153, 8, 157, 
17, 41, 183, 224, 40, 239, 113, 172, 25, 23, 251, 102, 62, 197, 114, 53, 165, 126, 146, 218, 
236, 202, 144, 58, 208, 158, 97, 109, 43, 12, 76, 207, 105, 90, 20, 75, 240, 60, 117, 228, 
105, 168, 153, 165, 232, 234, 121, 173, 250, 251, 33, 166, 20, 47, 207, 10, 54, 149, 30, 163, 
78, 27, 113, 203, 50, 74, 155, 152, 163, 130, 135, 59, 11, 194, 49, 216, 239, 172, 125, 185, 
154, 197, 45, 186, 148, 62, 6, 254, 58, 132, 58, 197, 249, 245, 212, 100, 111, 241, 155, 183, 
144, 15, 165, 98, 162, 198, 139, 191, 212, 232, 210, 248, 152, 58, 60, 138, 126, 227, 174, 186, 
144, 224, 122, 223, 183, 59, 91, 110, 176, 3, 63, 60, 156, 92, 242, 209, 7, 143, 63, 117, 
191, 56, 97, 105, 159, 223, 178, 217, 82, 217, 228, 86, 169, 229, 196, 165, 16, 123, 52, 193, 
243, 74, 135, 107, 125, 166, 196, 152, 52, 4, 7, 111, 191, 237, 184, 38, 225, 239, 100, 187, 
223, 83, 243, 21, 89, 239, 238, 143, 37, 131, 79, 69, 99, 176, 178, 21, 84, 55, 66, 133, 
72, 72, 50, 70, 188, 165, 155, 236, 173, 155, 11, 32, 171, 51, 167, 202, 145, 16, 63, 126, 
40, 218, 224, 21, 199, 67, 122, 172, 14, 58, 23, 36, 227, 35, 26, 150, 175, 2, 250, 204, 
20, 250, 177, 218, 197, 177, 32, 134, 138, 33, 17, 175, 78, 253, 76, 220, 5, 85, 138, 97, 
131, 172, 201, 231, 232, 138, 171, 31, 244, 213, 139, 195, 253, 84, 212, 194, 192, 44, 126, 234, 
198, 250, 57, 229, 51, 191, 29, 200, 179, 150, 212, 5, 85, 204, 125, 41, 160, 85, 15, 191, 
231, 50, 212, 76, 138, 66, 16, 204, 243, 7, 19, 47, 70, 138, 181, 53, 56, 90, 16, 68, 
150, 150, 30, 99, 62, 167, 204, 78, 91, 71, 146, 255, 237, 216, 189, 179, 65, 216, 219, 223, 
85, 195, 157, 212, 204, 112, 59, 254, 98, 186, 49, 113, 87, 47, 98, 127, 125, 47, 172, 47, 
244, 155, 146, 253, 190, 129, 147, 17, 226, 140, 217, 203, 120, 118, 89, 134, 150, 53, 34, 201, 
150, 152, 219, 49, 101, 35, 8, 74, 212, 60, 38, 107, 250, 207, 156, 159, 89, 219, 238, 5, 
101, 63, 209, 146, 111, 65, 75, 152, 180, 46, 218, 111, 119, 180, 209, 234, 111, 234, 252, 18, 
85, 187, 208, 91, 111, 182, 37, 75, 199, 117, 16, 55, 25, 0, 31, 50, 22, 203, 27, 154, 
215, 132, 46, 162, 17, 24, 17, 235, 240, 101, 59, 252, 156, 16, 171, 68, 245, 192, 181, 40, 
39, 58, 18, 194, 170, 31, 232, 166, 80, 138, 23, 55, 17, 192, 19, 49, 27, 123, 185, 202, 
157, 102, 154, 165, 138, 236, 60, 77, 32, 149, 67, 51, 80, 111, 2, 67, 149, 161, 9, 212, 
13, 97, 152, 220, 25, 240, 128, 92, 194, 200, 167, 237, 82, 132, 59, 173, 40, 224, 79, 84, 
153, 150, 106, 135, 137, 55, 136, 70, 152, 188, 113, 27, 236, 176, 9, 192, 188, 154, 137, 119, 
6, 79, 237, 62, 254, 26, 19, 244, 255, 123, 142, 228, 147, 116, 239, 231, 18, 213, 41, 173, 
123, 47, 199, 8, 118, 255, 210, 167, 18, 235, 38, 57, 230, 249, 107, 68, 176, 154, 171, 22, 
99, 234, 132, 6, 82, 61, 2, 199, 131, 62, 10, 223, 92, 169, 209, 179, 25, 182, 139, 46, 
70, 192, 8, 47, 177, 160, 238, 235, 29, 225, 49, 5, 113, 46, 167, 183, 80, 245, 174, 241, 
242, 82, 131, 18, 173, 250, 154, 231, 106, 168, 171, 208, 187, 236, 201, 50, 72, 141, 149, 46, 
247, 59, 251, 27, 218, 184, 176, 223, 7, 246, 197, 139, 52, 203, 106, 28, 157, 235, 74, 69, 
29, 104, 156, 94, 252, 106, 203, 141, 10, 26, 226, 247, 240, 23, 11, 63, 246, 123, 225, 10, 
199, 193, 93, 111, 151, 156, 134, 216, 99, 50, 109, 98, 84, 95, 121, 86, 97, 22, 205, 26, 
205, 171, 24, 78, 166, 81, 79, 39, 224, 252, 93, 206, 130, 180, 29, 140, 56, 253, 81, 66, 
186, 231, 37, 199, 36, 146, 147, 148, 202, 46, 192, 203, 72, 184, 246, 192, 147, 57, 201, 60, 
99, 3, 62, 16, 184, 90, 55, 233, 77, 41, 50, 124, 60, 212, 135, 78, 95, 82, 102, 138, 
27, 96, 147, 35, 34, 177, 64, 232, 44, 68, 43, 40, 200, 238, 199, 83, 93, 87, 42, 247, 
188, 75, 245, 177, 244, 47, 90, 47, 108, 1, 253, 31, 77, 148, 244, 163, 220, 200, 159, 79, 
14, 46, 88, 119, 228, 29, 240, 3, 223, 16, 160, 237, 180, 84, 25, 180, 235, 240, 234, 2, 
75, 49, 129, 74, 247, 134, 228, 127, 255, 79, 88, 131, 217, 163, 24, 170, 143, 230, 194, 72, 
33, 143, 147, 10, 4, 134, 11, 123, 20, 167, 249, 95, 26, 80, 132, 219, 69, 41, 152, 176, 
146, 151, 203, 243, 23, 241, 50, 90, 174, 132, 248, 163, 92, 189, 180, 170, 98, 126, 130, 213, 
154, 18, 166, 68, 247, 174, 168, 49, 248, 148, 185, 250, 50, 175, 255, 168, 239, 9, 45, 1, 
25, 98, 221, 61, 11, 134, 208, 95, 186, 213, 51, 197, 36, 120, 130, 126, 164, 33, 35, 27, 
236, 157, 172, 173, 230, 178, 21, 148, 92, 158, 147, 98, 134, 177, 214, 214, 64, 88, 239, 91, 
38, 46, 67, 215, 28, 93, 251, 241, 20, 160, 245, 29, 245, 91, 62, 149, 88, 209, 133, 46, 
239, 23, 109, 180, 60, 137, 164, 68, 227, 212, 169, 20, 169, 81, 230, 139, 50, 174, 212, 143, 
18, 221, 29, 59, 2, 233, 168, 111, 167, 96, 76, 36, 19, 137, 30, 179, 154, 229, 151, 154, 
178, 112, 142, 129, 32, 51, 162, 102, 49, 228, 234, 230, 196, 43, 50, 160, 196, 246, 199, 1, 
26, 107, 169, 41, 192, 225, 27, 43, 90, 154, 83, 18, 91, 45, 116, 39, 252, 65, 216, 124, 
40, 73, 107, 106, 96, 252, 111, 169, 36, 216, 211, 236, 199, 181, 124, 73, 168, 63, 129, 160, 
131, 110, 170, 221, 108, 175, 32, 63, 204, 44, 0, 174, 160, 84, 110, 78, 121, 52, 242, 212, 
224, 108, 49, 199, 72, 93, 171, 19, 220, 104, 215, 114, 145, 222, 205, 202, 237, 77, 192, 166, 
202, 195, 92, 130, 249, 171, 43, 226, 200, 71, 84, 231, 86, 18, 75, 241, 49, 133, 89, 6, 
77, 63, 244, 137, 15, 148, 208, 168, 153, 62, 12, 83, 135, 62, 156, 227, 159, 229, 77, 30, 
247, 242, 174, 32, 53, 154, 92, 104, 125, 179, 199, 226, 105, 108, 11, 66, 130, 50, 123, 78, 
14, 211, 31, 29, 178, 189, 195, 174, 128, 216, 253, 6, 174, 18, 44, 36, 14, 137, 166, 50, 
31, 188, 145, 87, 74, 76, 21, 218, 176, 198, 232, 137, 152, 180, 175, 15, 242, 255, 21, 202, 
105, 36, 99, 114, 203, 70, 74, 185, 235, 124, 13, 241, 145, 159, 173, 193, 19, 158, 124, 236, 
215, 158, 213, 83, 248, 39, 42, 209, 113, 199, 109, 111, 114, 150, 27, 196, 170, 50, 41, 99, 
245, 194, 10, 242, 245, 40, 154, 141, 211, 34, 72, 80, 2, 224, 58, 82, 255, 154, 182, 105, 
134, 60, 141, 242, 198, 196, 233, 176, 178, 250, 177, 160, 245, 43, 206, 139, 38, 2, 182, 39, 
22, 28, 174, 228, 254, 213, 171, 226, 34, 86, 85, 191, 113, 185, 169, 196, 101, 7, 156, 0, 
188, 243, 148, 147, 57, 155, 75, 212, 33, 36, 58, 135, 57, 238, 204, 67, 164, 233, 254, 41, 
30, 224, 139, 112, 171, 247, 12, 247, 108, 161, 117, 154, 81, 55, 1, 149, 244, 43, 132, 145, 
21, 181, 156, 209, 144, 61, 36, 175, 231, 232, 6, 35, 65, 128, 19, 41, 50, 216, 192, 207, 
74, 78, 222, 133, 217, 24, 252, 243, 182, 66, 4, 38, 195, 132, 17, 227, 170, 157, 228, 253, 
226, 66, 239, 174, 158, 143, 29, 38, 206, 104, 153, 89, 52, 162, 33, 177, 125, 53, 254, 50, 
19, 171, 136, 59, 33, 121, 117, 9, 38, 195, 49, 213, 186, 88, 146, 226, 55, 88, 220, 83, 
9, 236, 66, 18, 197, 220, 167, 36, 230, 190, 25, 42, 131, 135, 35, 108, 251, 151, 110, 115, 
176, 113, 40, 246, 72, 168, 50, 28, 170, 183, 205, 249, 216, 9, 85, 16, 23, 55, 164, 183, 
49, 246, 246, 218, 15, 188, 121, 205, 91, 198, 252, 80, 140, 225, 224, 3, 225, 200, 56, 74, 
245, 148, 149, 64, 156, 100, 105, 53, 72, 140, 155, 106, 14, 83, 82, 40, 88, 85, 43, 201, 
118, 210, 124, 206, 32, 44, 91, 92, 158, 64, 237, 121, 42, 220, 16, 17, 246, 69, 208, 205, 
38, 122, 225, 198, 186, 138, 162, 200, 71, 32, 123, 62, 124, 171, 167, 67, 99, 10, 87, 194, 
37, 175, 181, 195, 247, 226, 183, 53, 132, 119, 254, 170, 8, 60, 185, 175, 223, 173, 138, 65, 
218, 21, 188, 122, 26, 33, 117, 150, 217, 12, 85, 223, 143, 101, 35, 17, 221, 178, 103, 241, 
129, 106, 72, 237, 135, 78, 245, 184, 225, 123, 4, 46, 231, 103, 153, 88, 56, 186, 23, 13, 
165, 172, 69, 88, 226, 3, 206, 228, 203, 189, 96, 63, 188, 83, 142, 197, 236, 80, 74, 229, 
168, 104, 198, 171, 173, 85, 52, 134, 11, 217, 104, 164, 52, 43, 88, 33, 214, 71, 65, 30, 
217, 243, 10, 255, 80, 248, 68, 230, 25, 219, 247, 171, 146, 7, 56, 235, 181, 226, 65, 134, 
16, 167, 122, 93, 35, 111, 162, 121, 168, 225, 195, 115, 11, 10, 16, 61, 21, 72, 228, 145, 
60, 170, 212, 64, 106, 81, 65, 66, 195, 161, 161, 83, 115, 116, 68, 47, 28, 193, 220, 26, 
213, 244, 51, 17, 217, 254, 243, 67, 116, 12, 228, 255, 126, 46, 34, 10, 149, 76, 247, 54, 
225, 137, 208, 69, 65, 140, 71, 245, 1, 29, 142, 247, 61, 148, 20, 181, 252, 97, 237, 233, 
15, 54, 38, 10, 28, 91, 176, 2, 1, 39, 17, 60, 148, 63, 50, 238, 31, 175, 106, 87, 
212, 193, 76, 8, 35, 157, 242, 252, 153, 69, 175, 52, 70, 3, 152, 159, 82, 61, 137, 137, 
141, 155, 252, 214, 164, 192, 58, 27, 40, 138, 250, 140, 116, 9, 235, 5, 202, 255, 163, 83, 
94, 217, 35, 87, 124, 156, 41, 5, 251, 173, 226, 12, 155, 24, 174, 208, 207, 190, 150, 150, 
54, 235, 183, 243, 145, 55, 114, 224, 57, 65, 28, 188, 225, 242, 50, 90, 228, 221, 80, 46, 
13, 8, 70, 247, 192, 196, 165, 232, 56, 55, 128, 133, 178, 82, 10, 242, 25, 161, 77, 31, 
151, 91, 173, 199, 247, 90, 114, 13, 224, 132, 250, 173, 25, 7, 139, 235, 175, 101, 213, 249, 
48, 97, 80, 247, 132, 104, 219, 96, 56, 116, 117, 237, 173, 79, 113, 205, 63, 0, 4, 39, 
215, 248, 121, 219, 187, 59, 97, 22, 138, 148, 111, 145, 119, 137, 52, 149, 178, 69, 62, 72, 
54, 51, 33, 132, 110, 79, 6, 251, 61, 229, 12, 162, 86, 211, 152, 15, 21, 197, 168, 65, 
35, 26, 104, 46, 59, 105, 214, 10, 247, 37, 136, 11, 183, 255, 108, 100, 68, 204, 134, 34, 
2, 140, 94, 141, 174, 101, 188, 198, 204, 240, 192, 176, 162, 143, 163, 229, 127, 51, 113, 233, 
76, 233, 104, 152, 203, 213, 82, 241, 31, 244, 132, 75, 116, 214, 142, 233, 22, 180, 125, 39, 
220, 208, 77, 124, 129, 212, 50, 156, 130, 157, 214, 188, 65, 94, 114, 143, 192, 40, 92, 126, 
139, 113, 106, 81, 22, 97, 60, 13, 198, 68, 187, 246, 81, 70, 198, 109, 153, 149, 2, 29, 
13, 208, 79, 226, 169, 240, 210, 193, 218, 99, 160, 144, 36, 160, 81, 171, 58, 56, 139, 47, 
116, 183, 150, 40, 22, 180, 93, 46, 70, 32, 196, 90, 191, 80, 210, 43, 245, 223, 175, 48, 
205, 88, 57, 30, 168, 224, 56, 65, 153, 152, 199, 68, 86, 109, 178, 128, 174, 156, 255, 39, 
104, 39, 34, 129, 252, 139, 155, 70, 67, 157, 79, 196, 116, 151, 2, 24, 183, 152, 199, 234, 
166, 18, 62, 231, 242, 95, 97, 85, 108, 236, 249, 172, 43, 56, 89, 215, 159, 183, 2, 30, 
206, 111, 48, 247, 188, 107, 5, 167, 230, 242, 213, 157, 229, 62, 32, 192, 115, 163, 234, 13, 
222, 170, 48, 11, 201, 182, 132, 96, 225, 152, 98, 13, 158, 102, 189, 57, 4, 206, 97, 107, 
166, 7, 29, 48, 221, 114, 187, 184, 140, 150, 33, 56, 234, 192, 41, 110, 243, 10, 69, 255, 
237, 240, 96, 163, 230, 15, 245, 156, 152, 221, 125, 77, 241, 179, 121, 227, 171, 5, 184, 252, 
16, 49, 120, 52, 145, 116, 248, 160, 8, 206, 175, 16, 198, 183, 147, 52, 75, 233, 81, 131, 
106, 133, 85, 90, 231, 237, 224, 124, 31, 195, 196, 142, 123, 167, 39, 157, 158, 146, 129, 180, 
30, 172, 204, 178, 171, 158, 82, 26, 10, 25, 77, 233, 240, 198, 175, 246, 87, 177, 82, 81, 
189, 255, 71, 1, 247, 46, 109, 212, 186, 73, 76, 100, 241, 140, 233, 154, 74, 239, 165, 206, 
152, 112, 211, 51, 223, 0, 195, 45, 34, 246, 224, 217, 140, 211, 77, 154, 153, 94, 93, 148, 
255, 249, 83, 118, 27, 42, 199, 85, 175, 90, 73, 55, 245, 128, 141, 79, 134, 241, 183, 40, 
88, 246, 127, 181, 190, 215, 10, 157, 52, 85, 186, 11, 91, 27, 15, 71, 228, 12, 164, 73, 
240, 121, 94, 99, 42, 232, 94, 134, 74, 196, 238, 136, 241, 218, 163, 105, 187, 164, 180, 42, 
188, 72, 126, 82, 19, 136, 28, 80, 15, 40, 211, 96, 107, 69, 166, 250, 30, 223, 230, 163, 
101, 28, 107, 64, 208, 149, 25, 159, 57, 118, 156, 14, 176, 42, 66, 233, 106, 169, 136, 184, 
27, 1, 88, 238, 46, 81, 26, 203, 175, 81, 222, 180, 110, 176, 5, 194, 210, 5, 85, 170, 
90, 11, 191, 228, 220, 50, 17, 199, 32, 115, 136, 180, 128, 138, 79, 75, 197, 159, 109, 60, 
127, 226, 94, 28, 187, 234, 239, 230, 98, 181, 50, 29, 9, 64, 46, 63, 116, 157, 102, 196, 
127, 237, 163, 59, 130, 2, 204, 75, 130, 162, 123, 82, 48, 247, 26, 158, 90, 96, 102, 100, 
20, 181, 21, 217, 78, 55, 150, 115, 128, 144, 143, 26, 129, 178, 213, 10, 236, 191, 199, 97, 
185, 225, 105, 212, 65, 46, 199, 101, 0, 57, 119, 121, 145, 247, 193, 38, 133, 219, 165, 50, 
192, 14, 76, 112, 243, 249, 68, 12, 130, 135, 241, 51, 248, 194, 157, 216, 244, 62, 145, 169, 
179, 188, 182, 179, 108, 179, 101, 109, 195, 228, 70, 11, 224, 158, 40, 201, 163, 216, 195, 91, 
212, 210, 121, 211, 65, 37, 159, 77, 84, 236, 188, 254, 196, 154, 21, 53, 197, 18, 137, 172, 
219, 243, 2, 251, 104, 68, 76, 91, 160, 62, 128, 28, 184, 163, 98, 91, 219, 70, 161, 92, 
131, 201, 168, 48, 18, 253, 162, 0, 126, 164, 165, 131, 149, 244, 39, 68, 5, 102, 121, 93, 
65, 13, 177, 45, 229, 102, 235, 71, 36, 63, 222, 146, 145, 231, 184, 36, 244, 11, 125, 101, 
125, 145, 3, 205, 240, 63, 105, 53, 132, 98, 66, 13, 55, 225, 107, 254, 98, 108, 54, 250, 
150, 55, 247, 239, 66, 67, 226, 91, 175, 9, 6, 7, 18, 55, 215, 80, 88, 89, 0, 71, 
43, 166, 63, 1, 156, 197, 143, 79, 21, 137, 33, 74, 171, 169, 230, 152, 228, 196, 21, 136, 
101, 69, 158, 227, 165, 34, 75, 106, 188, 53, 204, 173, 24, 188, 148, 80, 189, 30, 9, 214, 
114, 67, 210, 41, 76, 35, 215, 34, 18, 64, 149, 233, 199, 254, 74, 76, 67, 71, 64, 36, 
198, 235, 112, 12, 216, 153, 18, 157, 21, 75, 122, 52, 157, 113, 20, 120, 206, 176, 208, 240, 
189, 51, 51, 74, 4, 126, 43, 27, 201, 42, 64, 195, 116, 55, 240, 24, 152, 206, 139, 141, 
182, 237, 205, 224, 49, 54, 129, 126, 136, 68, 169, 129, 75, 199, 126, 243, 237, 56, 239, 138, 
126, 17, 13, 10, 112, 93, 195, 174, 71, 167, 99, 12, 228, 68, 67, 84, 44, 165, 157, 34, 
213, 19, 121, 232, 245, 116, 186, 229, 248, 74, 153, 92, 73, 232, 158, 209, 214, 80, 252, 88, 
138, 17, 236, 230, 232, 45, 77, 192, 131, 154, 155, 114, 74, 62, 211, 245, 152, 178, 241, 143, 
246, 60, 91, 76, 118, 235, 42, 126, 86, 20, 58, 152, 217, 212, 11, 193, 111, 81, 205, 43, 
253, 248, 68, 45, 27, 86, 204, 166, 12, 67, 219, 143, 196, 133, 248, 199, 58, 229, 230, 85, 
173, 243, 126, 22, 174, 1, 154, 205, 195, 108, 64, 148, 149, 179, 50, 20, 232, 220, 192, 155, 
186, 177, 114, 180, 8, 11, 14, 39, 29, 178, 6, 3, 25, 140, 207, 241, 89, 128, 152, 139, 
189, 96, 188, 214, 94, 177, 53, 180, 82, 77, 192, 67, 45, 83, 16, 94, 22, 87, 214, 199, 
3, 207, 226, 61, 180, 191, 115, 56, 74, 225, 214, 53, 81, 29, 40, 73, 246, 16, 164, 155, 
75, 107, 160, 238, 96, 188, 186, 30, 117, 181, 224, 13, 168, 44, 67, 226, 83, 47, 89, 114, 
116, 179, 142, 76, 24, 53, 41, 175, 182, 231, 165, 18, 57, 130, 29, 142, 125, 37, 38, 157, 
119, 254, 47, 26, 215, 233, 144, 54, 179, 135, 247, 76, 179, 119, 7, 221, 78, 66, 209, 223, 
55, 223, 45, 91, 174, 170, 167, 7, 17, 159, 25, 14, 200, 43, 214, 224, 229, 31, 172, 201, 
217, 79, 166, 43, 216, 233, 196, 202, 47, 211, 216, 72, 130, 204, 107, 154, 148, 243, 15, 107, 
121, 121, 129, 205, 119, 189, 29, 115, 122, 216, 111, 9, 125, 213, 202, 15, 162, 105, 8, 50, 
180, 53, 69, 189, 249, 79, 254, 139, 134, 33, 152, 112, 75, 236, 152, 222, 210, 166, 30, 240, 
188, 136, 145, 24, 38, 20, 10, 99, 86, 210, 165, 223, 213, 240, 162, 251, 239, 12, 229, 92, 
71, 161, 239, 237, 248, 133, 23, 241, 106, 114, 140, 213, 135, 201, 10, 165, 111, 103, 199, 94, 
92, 171, 116, 107, 62, 191, 52, 181, 252, 178, 102, 192, 181, 14, 235, 107, 28, 152, 35, 198, 
129, 242, 192, 117, 122, 208, 51, 59, 80, 86, 130, 152, 132, 168, 149, 229, 255, 1, 94, 177, 
195, 54, 141, 245, 160, 229, 222, 162, 61, 134, 191, 13, 16, 235, 13, 117, 221, 66, 254, 121, 
131, 159, 63, 157, 116, 140, 68, 105, 52, 62, 191, 211, 11, 125, 132, 211, 63, 127, 13, 15, 
225, 190, 242, 6, 244, 194, 172, 139, 208, 44, 54, 64, 192, 179, 16, 115, 57, 217, 160, 78, 
204, 133, 84, 252, 201, 128, 51, 196, 2, 248, 134, 174, 110, 107, 76, 28, 103, 35, 41, 187, 
204, 12, 237, 30, 25, 90, 238, 177, 94, 234, 214, 70, 174, 21, 180, 161, 7, 187, 170, 106, 
246, 174, 181, 254, 43, 11, 192, 237, 95, 204, 102, 108, 221, 123, 109, 245, 233, 107, 22, 126, 
227, 76, 138, 211, 159, 40, 14, 204, 140, 134, 44, 34, 88, 77, 152, 249, 64, 192, 225, 173, 
16, 200, 99, 68, 87, 192, 78, 152, 43, 143, 150, 49, 184, 179, 84, 98, 122, 175, 209, 163, 
24, 198, 215, 67, 131, 158, 61, 12, 146, 71, 212, 5, 44, 172, 240, 40, 31, 149, 53, 111, 
43, 77, 14, 145, 37, 25, 244, 66, 42, 46, 86, 39, 179, 218, 170, 132, 226, 76, 240, 166};