73
19
181
179
81
134
214
155
35
228
186
74
173
134
193
172
170
68
83
225
124
254
39
21
1
95
87
96
180
160
193
88
244
210
246
240
117
182
40
129
77
247
102
22
16
62
86
233
192
234
47
49
183
82
146
159
35
95
109
143
154
28
117
107
81
115
122
193
71
246
99
26
104
231
31
213
167
122
8
104
6
196
56
122
10
241
200
161
106
202
143
61
60
164
57
230
210
158
77
215
175
210
123
60
113
221
134
41
160
142
18
6
196
70
82
235
118
29
83
64
239
75
159
74
115
37
230
57
242
163
148
207
183
175
71
74
111
57
100
234
118
223
115
229
69
3
169
8
33
250
116
67
173
128
222
55
99
185
138
223
243
110
78
212
19
33
18
185
68
149
110
106
245
7
78
208
240
184
168
9
169
2
171
31
75
143
13
83
30
240
207
115
1
210
138
152
123
127
246
234
220
64
34
98
154
135
125
251
229
37
193
222
35
164
78
251
73
85
153
192
198
12
137
211
194
18
36
184
120
182
75
66
182
210
11
198
137
250
133
48
65
31
236
186
119
248
60
103
164
47
51
121
209
134
120
154
130
160
58
71
215
221
139
170
182
179
2
216
5
72
155
10
141
4
253
170
198
189
111
14
90
25
61
28
130
107
106
137
23
10
2
217
57
110
198
93
52
217
35
34
98
68
252
158
71
108
161
60
249
46
190
96
53
211
114
16
3
188
107
253
7
116
41
35
210
174
75
174
233
138
115
7
149
69
101
51
206
118
109
226
121
242
14
217
201
44
109
145
121
178
82
30
167
110
195
175
140
190
91
163
12
130
188
75
214
209
87
163
203
148
244
89
127
156
220
185
97
224
204
56
147
88
97
159
218
179
26
250
57
66
51
191
42
72
251
242
249
91
253
43
253
123
255
47
73
135
161
161
42
160
248
122
127
214
134
48
247
218
119
225
162
73
157
15
155
114
78
89
247
152
129
233
159
205
217
92
102
229
167
107
109
47
240
110
57
121
244
100
179
197
255
245
3
15
137
2
124
53
155
108
88
229
205
7
12
72
33
54
148
76
92
253
87
253
18
173
150
162
142
1
71
105
69
96
102
164
90
28
195
181
225
239
198
19
205
161
236
99
132
225
139
6
116
212
177
54
227
228
61
30
67
96
154
95
140
144
88
13
165
203
149
12
137
116
135
2
133
254
243
165
234
48
110
111
45
30
27
161
132
21
75
3
205
206
48
161
2
101
241
140
95
191
254
227
33
128
223
17
188
197
16
145
235
216
247
156
55
103
195
52
27
13
103
181
242
90
8
76
21
122
175
201
207
132
190
187
235
206
157
217
28
13
218
99
97
132
38
162
252
53
72
107
52
208
226
212
5
205
211
221
132
128
67
136
204
167
190
202
145
218
156
138
169
213
174
240
43
119
58
66
143
63
116
162
13
7
67
16
19
154
65
35
177
46
126
96
247
61
121
109
200
45
169
220
71
12
239
130
176
5
34
54
212
186
170
229
156
57
19
53
33
155
30
54
20
210
23
38
21
110
199
30
199
155
207
88
135
24
92
189
116
37
213
61
143
15
153
43
171
102
76
158
232
251
167
142
51
48
59
184
186
244
45
244
40
239
236
48
16
130
10
231
29
185
176
173
220
102
100
157
194
160
197
39
170
177
3
80
255
143
71
164
73
177
114
17
246
188
34
45
212
197
202
39
68
83
121
80
98
220
91
17
209
98
213
107
113
50
73
41
198
69
21
193
95
21
110
205
224
210
219
115
202
144
24
164
236
29
184
43
200
42
249
15
12
83
47
22
159
209
97
34
197
74
48
34
187
126
76
63
3
37
250
241
69
160
230
74
199
53
46
27
66
6
229
29
25
16
49
206
220
41
156
191
162
24
170
92
120
87
178
185
144
180
57
28
73
222
178
161
120
19
97
106
251
6
40
207
4
197
171
110
244
156
53
180
91
166
208
16
75
0
35
231
96
34
230
23
54
166
63
46
254
146
99
247
133
197
190
245
43
241
142
242
148
150
69
165
63
5
185
22
175
204
242
63
175
67
198
129
205
98
253
141
209
251
154
46
245
120
102
50
183
24
213
208
83
227
75
196
97
48
37
63
67
230
62
40
17
190
33
75
102
236
78
25
129
229
91
227
125
180
15
251
224
160
108
226
108
215
123
210
242
29
170
2
97
214
225
19
86
195
21
215
62
40
235
44
2
55
210
180
205
15
202
86
107
72
174
203
184
5
252
63
54
48
164
251
230
113
78
225
64
136
0
76
200
85
211
118
248
37
41
112
160
79
107
169
114
6
43
219
121
183
73
147
84
73
44
130
244
82
36
40
206
95
99
122
151
76
100
53
140
176
222
181
128
140
219
188
132
160
97
19
217
134
77
81
192
180
11
74
150
45
105
236
193
217
205
109
126
241
160
213
129
131
26
229
188
53
193
177
53
224
243
89
159
220
201
153
101
2
247
171
31
51
103
137
21
51
244
124
156
235
255
53
217
124
27
186
91
133
78
163
122
34
68
249
168
57
191
149
103
119
136
22
180
77
118
162
185
150
11
233
232
210
58
172
243
56
74
38
32
84
233
222
235
13
7
206
3
24
110
219
36
224
128
112
169
188
214
25
36
77
111
230
58
81
243
167
146
116
154
162
208
236
91
123
74
63
18
230
178
43
186
15
196
31
225
43
188
200
51
23
218
105
229
224
147
9
104
144
13
236
26
10
169
181
100
23
19
194
75
87
144
137
44
62
228
59
241
147
198
238
30
230
252
106
12
41
187
78
114
99
184
62
98
157
191
140
99
239
0
25
68
88
98
93
42
168
134
167
249
64
222
208
71
23
174
20
120
19
39
22
38
107
161
198
21
229
99
15
121
124
225
71
152
255
88
85
4
43
216
137
183
202
211
141
194
201
144
61
208
4
104
16
106
30
135
43
182
160
170
22
31
24
187
78
142
60
234
153
121
230
80
92
65
5
126
248
195
181
58
227
94
236
179
234
116
39
143
191
86
124
183
95
195
88
109
153
85
84
43
106
224
69
126
177
213
226
20
158
115
246
37
221
28
133
106
35
168
156
8
131
97
205
24
211
92
3
231
144
147
32
40
27
136
231
50
230
22
75
189
144
188
116
156
68
166
63
226
112
87
30
191
251
195
102
122
37
88
145
142
89
97
125
250
58
141
46
26
60
116
105
217
72
32
116
107
239
223
59
106
236
216
190
56
230
80
181
82
120
180
92
233
44
172
92
60
35
47
138
146
131
0
233
134
235
104
175
176
75
218
73
1
160
236
26
30
201
239
218
19
196
24
140
218
240
57
21
216
14
77
32
197
35
14
193
20
54
208
54
164
197
44
75
89
151
0
213
58
2
195
12
165
142
192
157
235
58
120
177
70
250
170
221
135
201
184
141
11
146
23
234
138
91
228
182
189
99
34
40
160
28
151
148
150
71
90
182
236
47
251
120
24
243
226
231
85
136
96
193
102
42
16
30
11
225
195
135
90
138
22
137
108
57
7
19
134
100
1
140
185
86
220
161
153
117
243
18
245
171
204
143
105
82
16
72
3
49
136
24
164
43
57
189
202
93
232
240
231
50
60
13
165
39
64
119
71
98
230
61
49
156
77
240
226
189
222
172
97
225
246
191
254
237
132
221
169
115
209
167
107
85
106
143
26
69
251
116
90
137
44
65
112
219
240
161
218
205
200
234
67
46
205
29
238
40
113
174
58
111
45
202
16
183
133
58
209
83
176
223
213
238
41
37
207
231
87
85
197
146
94
49
255
46
91
237
197
247
220
121
22
94
156
158
24
112
161
97
125
112
200
193
122
242
246
75
242
221
147
56
59
135
31
129
22
58
178
80
39
119
192
219
87
24
251
96
238
5
50
93
107
8
148
101
88
141
154
170
73
137
111
79
5
148
145
85
111
108
58
135
53
222
92
85
98
91
192
89
184
31
13
215
67
136
146
126
248
223
151
248
208
247
21
159
158
231
196
160
12
201
144
105
219
160
31
41
245
46
144
12
47
226
3
227
53
103
200
208
41
147
168
171
214
15
206
198
15
106
49
20
103
210
114
228
31
51
65
99
223
142
44
71
34
246
149
181
234
59
247
103
236
217
205
1
144
15
113
161
56
24
181
191
202
70
82
221
248
196
85
182
169
148
32
170
15
238
48
77
15
92
180
36
105
79
165
76
159
232
137
12
2
145
2
107
31
43
210
252
172
194
216
151
70
21
254
101
41
74
16
60
102
209
68
130
40
227
0
58
188
89
71
167
1
245
141
53
153
241
69
208
216
47
34
55
141
76
225
185
170
172
96
84
120
158
148
75
214
100
15
236
227
161
83
222
91
197
79
114
83
71
8
93
127
120
133
37
255
54
34
75
100
47
14
198
55
128
151
23
71
201
25
22
18
245
166
164
50
101
53
156
174
222
10
71
190
84
120
155
216
188
248
191
149
178
42
52
252
166
41
181
224
77
219
117
73
55
106
42
165
196
78
7
73
135
168
220
149
26
51
93
239
69
75
92
193
0
146
14
134
95
92
34
209
11
137
35
1
118
32
135
92
190
96
193
131
84
46
22
239
245
199
91
41
27
223
17
116
244
103
197
167
39
155
93
170
59
245
243
166
97
230
153
215
130
115
113
129
5
230
174
126
167
65
71
130
181
143
31
29
126
135
32
148
47
43
66
212
139
181
122
162
140
132
247
245
226
120
182
54
120
11
37
170
226
39
85
30
54
90
108
132
151
21
211
157
254
19
223
209
159
229
240
107
187
144
114
65
245
237
98
46
20
119
13
28
226
140
114
67
35
242
15
235
114
68
190
146
32
239
238
178
246
218
172
27
66
22
164
142
3
171
26
227
196
243
103
77
162
130
133
235
106
154
144
17
192
74
147
234
76
137
83
45
93
33
184
131
125
89
252
56
156
35
125
247
126
125
246
7
183
223
167
88
89
56
130
140
145
218
191
25
122
245
196
209
73
169
212
148
182
114
99
178
50
38
235
104
173
243
18
177
241
159
16
85
67
30
141
246
82
27
154
105
14
209
156
212
63
101
24
126
245
8
165
74
19
186
223
62
28
213
212
3
183
127
137
16
118
208
134
116
220
252
183
163
159
202
7
151
158
93
140
49
117
176
121
115
71
57
88
51
195
90
45
189
137
155
180
243
204
148
202
237
166
109
77
78
31
116
12
167
135
71
243
5
106
242
21
244
4
107
86
1
199
79
53
29
205
237
58
87
31
207
149
94
106
114
238
8
237
248
103
141
80
52
134
211
217
168
126
231
97
169
141
198
212
244
68
83
225
169
187
185
2
144
248
76
99
183
37
145
68
107
187
114
204
103
92
24
124
130
220
87
184
122
40
10
27
199
7
111
117
33
188
228
142
253
172
130
76
1
74
187
4
97
146
196
188
126
43
146
192
142
243
162
218
247
75
86
126
233
163
194
80
117
51
75
91
57
160
159
74
111
230
53
93
46
195
136
1
187
205
159
0
25
238
31
248
150
80
51
82
89
33
167
172
16
109
135
100
214
68
230
98
185
218
132
203
18
178
248
128
107
197
191
196
243
89
73
54
48
230
15
38
105
223
26
229
73
193
230
90
194
8
163
21
142
246
200
132
156
149
240
166
109
31
153
141
177
237
251
82
87
28
223
132
94
49
48
49
75
122
97
82
197
84
80
186
57
204
235
146
185
73
157
156
195
238
214
60
155
239
157
50
245
244
149
107
236
76
167
116
105
92
81
195
141
141
229
72
33
236
48
56
170
129
27
83
180
156
196
60
186
195
242
162
155
182
152
162
101
165
162
218
219
103
154
138
238
67
43
37
191
172
179
143
231
3
252
191
215
124
60
225
104
232
206
121
178
92
13
145
244
166
108
232
48
68
82
111
128
229
232
130
153
71
178
96
103
52
191
130
72
219
86
250
182
85
153
148
39
83
219
79
206
251
59
51
154
23
137
34
15
251
245
85
141
176
156
122
159
145
24
144
217
49
67
200
188
217
54
96
200
180
161
89
92
25
92
223
84
165
13
110
159
235
23
120
5
106
155
169
51
210
19
173
90
245
62
110
99
246
196
71
234
28
88
163
161
231
137
138
168
167
207
215
127
80
95
208
133
151
16
89
253
252
48
153
183
114
82
100
105
47
88
137
207
218
66
66
42
56
96
80
223
110
247
161
122
174
35
210
33
85
72
219
30
85
219
169
61
85
148
177
132
50
3
6
231
231
6
132
75
93
162
103
82
241
250
161
61
177
195
250
23
236
251
174
37
247
129
101
76
135
44
173
64
140
147
144
207
72
43
23
96
192
165
252
166
190
175
130
162
236
248
205
195
205
225
56
216
82
206
136
214
253
216
252
107
3
101
82
139
143
72
206
205
55
218
169
131
96
165
39
92
33
12
53
75
221
71
15
164
63
239
101
152
241
35
203
204
207
172
22
36
129
27
124
216
225
144
58
59
155
164
68
69
12
35
67
146
239
100
152
146
2
66
120
184
196
97
32
229
30
38
84
196
224
155
247
31
237
172
184
34
168
129
173
89
100
148
63
35
209
33
192
119
39
188
81
237
198
8
30
238
186
91
112
7
35
78
189
100
85
104
150
176
95
112
68
248
149
66
116
188
161
52
54
161
110
40
96
213
145
100
171
118
63
110
21
191
107
11
251
92
118
11
94
250
180
157
222
108
140
70
252
212
54
228
151
203
165
41
42
109
99
170
155
188
151
9
158
138
212
217
155
198
0
226
3
193
204
45
36
74
27
114
129
150
118
40
110
171
181
193
159
24
157
240
76
225
109
231
255
247
5
150
82
28
178
8
207
253
148
151
218
18
49
139
55
187
119
202
205
142
6
230
116
212
99
132
58
169
189
254
155
247
72
11
132
56
79
175
57
174
2
206
93
93
254
133
253
200
215
84
0
249
44
178
161
159
24
231
95
226
38
223
20
95
9
8
221
65
234
224
173
54
55
139
91
64
11
192
134
202
118
206
170
110
234
152
119
139
153
76
15
191
95
171
76
101
7
182
19
231
109
130
74
50
159
255
144
152
203
99
36
101
4
230
245
175
120
25
27
13
199
253
146
12
141
129
51
250
13
6
240
175
68
25
27
108
79
92
74
135
169
13
187
128
169
239
28
122
192
221
28
19
42
216
22
118
172
227
236
200
20
153
90
37
3
230
237
130
44
136
188
243
131
182
215
248
156
11
101
190
12
4
194
230
15
162
225
187
39
210
52
207
57
88
206
45
118
246
10
177
95
176
95
155
172
129
196
150
171
46
223
220
117
80
253
120
221
231
28
62
24
172
212
112
226
226
204
160
111
45
150
121
21
84
227
149
224
12
128
201
202
77
236
250
22
233
81
134
13
29
111
217
85
84
171
216
147
199
40
118
226
177
203
179
133
225
130
221
0
98
226
68
166
242
234
28
28
27
211
84
44
173
226
64
184
26
28
254
143
146
179
184
216
177
3
226
32
241
183
39
66
132
101
23
87
215
8
33
113
227
134
238
85
178
250
19
169
64
179
167
228
207
32
200
49
156
158
209
83
97
210
28
159
117
4
62
41
242
158
98
154
155
31
214
254
44
66
230
56
69
127
133
60
121
65
79
237
87
254
76
22
105
240
216
2
118
26
206
75
238
249
62
66
103
24
72
116
103
37
7
223
35
223
190
212
179
105
65
186
73
58
146
74
29
249
45
202
111
165
21
118
44
252
80
139
197
73
98
167
59
166
39
36
39
231
31
167
100
67
195
246
181
193
17
100
200
225
30
117
208
123
233
123
3
47
18
46
211
9
186
1
130
111
50
111
57
130
53
112
69
79
81
152
214
129
133
127
57
35
227
141
0
32
52
218
215
59
173
238
220
140
2
237
149
88
126
180
94
49
254
34
88
26
64
49
128
181
114
93
223
251
184
87
58
190
18
92
116
173
239
14
186
70
31
72
84
197
148
203
134
72
84
181
86
58
175
218
167
96
177
155
222
198
12
174
8
197
194
218
204
204
77
243
67
75
85
211
89
90
63
73
209
18
200
52
94
165
87
216
15
17
31
135
201
17
143
57
124
113
119
149
109
108
124
231
170
64
105
247
99
74
217
220
184
87
222
48
124
96
44
77
239
58
126
196
119
5
119
16
87
59
1
20
34
68
132
201
168
238
20
239
34
118
24
105
25
14
92
218
70
90
192
155
163
244
152
163
166
123
2
169
156
0
110
10
229
246
77
187
230
206
255
145
76
247
120
213
57
175
0
237
174
212
219
113
241
125
83
43
225
107
200
15
217
248
78
42
146
176
243
75
7
113
73
85
241
184
203
146
224
11
98
91
131
195
94
46
155
98
147
72
114
178
34
217
114
0
32
122
4
128
179
83
182
95
97
19
253
205
51
22
238
155
178
31
88
140
123
162
51
231
99
216
41
90
203
116
228
248
197
126
182
46
126
234
144
19
194
251
115
151
116
37
239
62
168
83
133
226
141
0
196
32
127
202
115
245
27
255
174
180
76
59
147
209
78
118
67
121
34
162
231
84
94
238
19
51
88
184
180
186
180
67
47
210
248
16
124
219
212
244
31
41
107
21
39
234
147
0
57
118
189
25
24
208
163
22
234
191
125
232
96
71
95
39
87
97
77
192
20
212
88
50
93
124
24
152
215
119
84
126
55
165
58
139
84
220
66
82
92
171
221
137
9
121
114
96
21
108
167
196
95
13
0
180
32
52
133
203
52
238
32
172
253
47
104
39
84
88
157
251
84
107
48
136
110
27
97
111
112
159
139
96
30
69
92
196
116
44
92
232
13
53
3
110
227
144
122
134
185
120
118
217
97
244
187
248
45
160
180
195
230
158
115
149
68
220
207
107
35
123
143
12
93
91
124
248
209
155
27
103
113
186
223
21
19
237
145
26
183
92
167
49
203
161
68
94
140
38
119
150
187
108
143
7
36
66
53
241
195
240
217
94
13
236
147
16
250
124
213
14
124
115
13
26
229
10
161
42
139
48
96
230
165
19
48
163
112
237
92
103
90
119
40
21
248
228
133
127
97
184
123
111
40
102
153
179
241
99
139
84
31
25
56
217
134
0
8
147
108
156
154
8
97
190
76
65
246
139
96
245
25
57
74
37
83
149
173
227
123
55
126
61
210
127
97
243
154
216
215
151
162
154
152
44
8
220
200
203
42
89
58
93
120
172
3
107
239
134
38
92
246
100
61
167
43
249
71
161
8
115
154
244
123
233
204
126
109
70
66
185
50
97
62
84
28
146
182
213
254
113
4
175
249
11
0
86
10
33
16
75
129
165
146
102
99
75
184
22
38
124
39
107
125
169
28
113
242
5
170
159
207
146
81
242
225
163
94
109
34
227
128
112
67
149
142
51
180
187
195
37
15
39
209
217
164
162
63
138
153
73
14
62
117
239
82
110
205
125
112
191
140
215
117
112
233
68
208
65
198
188
148
230
86
79
67
244
5
237
131
45
162
212
82
234
74
140
23
80
164
62
54
143
140
128
70
9
94
133
228
160
217
181
9
19
165
12
225
127
86
43
217
160
247
208
225
42
142
46
223
24
254
142
186
217
61
120
170
241
112
27
179
115
40
22
245
106
106
221
159
244
88
136
105
36
144
254
116
73
92
109
12
116
182
225
200
248
7
70
48
152
46
166
56
148
182
234
108
168
225
162
3
92
66
223
227
11
49
56
13
75
101
96
144
79
166
20
209
79
254
22
79
225
8
24
197
85
126
27
116
11
46
160
65
168
182
213
217
195
112
112
122
104
101
3
93
227
1
13
211
44
166
96
145
35
190
12
29
190
197
46
51
173
103
75
30
75
166
162
252
145
128
240
154
97
109
147
172
241
127
86
86
156
255
86
55
244
61
120
160
2
195
25
197
212
134
236
39
249
168
85
145
247
187
49
130
202
82
73
29
63
112
124
21
244
208
186
125
26
62
109
118
173
145
21
171
134
106
212
221
36
157
59
104
196
221
217
246
80
35
56
234
155
234
159
217
193
9
247
79
67
164
161
163
199
155
208
142
199
239
211
47
223
165
139
73
5
110
50
65
25
58
82
160
23
24
9
138
209
251
126
52
123
77
35
50
139
199
28
161
206
13
136
150
64
197
201
104
21
175
134
59
177
168
122
16
246
136
176
80
23
111
89
25
251
215
3
128
136
220
157
144
189
136
128
137
229
61
121
203
199
239
75
251
84
250
14
114
102
212
7
227
187
213
128
32
93
128
245
227
45
181
7
15
214
209
213
63
206
52
109
25
166
87
94
112
221
77
15
26
38
84
80
10
224
118
111
18
11
9
197
134
254
196
33
209
143
225
180
177
22
225
37
206
73
145
122
40
213
43
192
163
251
103
206
77
4
167
0
111
251
172
74
217
12
212
207
39
148
141
22
192
128
235
251
16
138
16
142
222
157
9
57
36
16
218
221
137
131
158
87
244
46
107
163
254
172
160
193
68
167
0
123
116
175
248
248
45
165
40
129
213
128
222
83
176
147
178
99
174
8
39
35
243
141
212
166
120
223
150
123
255
135
198
174
118
61
12
7
65
129
241
182
159
172
171
100
225
17
198
156
117
4
15
72
149
52
152
68
41
171
61
115
215
117
77
142
51
192
33
18
245
154
9
35
15
88
208
67
188
14
43
66
249
102
57
95
155
167
175
132
184
183
60
179
206
209
91
99
62
253
2
106
245
36
236
52
81
148
130
7
111
63
235
224
105
49
34
203
34
20
148
49
50
116
76
155
72
209
95
160
254
95
112
91
55
252
139
195
148
204
186
3
52
173
34
18
195
113
80
82
94
165
203
187
223
42
91
28
128
62
158
87
139
121
39
76
243
127
176
210
172
34
105
15
119
216
85
218
138
131
108
47
34
54
207
141
32
91
38
136
195
243
16
91
102
151
227
188
173
233
42
184
70
30
248
199
149
44
246
129
42
87
120
46
145
224
28
164
97
254
151
243
250
64
216
24
118
217
190
171
2
226
252
167
10
161
159
253
217
29
139
251
155
236
201
224
66
21
190
63
14
230
205
68
60
211
45
140
106
117
227
60
211
133
194
204
213
73
117
80
100
150
33
197
12
205
228
201
2
51
116
227
207
13
65
212
165
14
203
0
200
141
248
142
44
63
100
170
87
100
74
138
80
214
191
158
9
104
66
33
61
39
185
206
201
62
10
227
35
249
166
252
179
16
47
128
3
183
116
213
240
122
30
132
39
14
155
181
238
67
76
145
123
3
221
20
213
24
223
112
58
142
19
99
68
54
161
211
249
50
176
134
43
194
212
250
129
66
58
119
251
84
236
127
207
184
14
138
148
64
159
119
183
223
251
55
8
203
146
202
247
172
33
174
80
202
95
95
148
142
86
229
58
122
87
139
127
81
152
155
194
56
189
172
104
168
73
43
107
0
157
182
132
101
6
137
0
89
167
76
221
25
125
69
75
144
111
171
144
175
133
238
61
15
97
196
4
28
215
254
90
0
129
138
135
130
95
182
217
147
63
27
47
207
107
219
245
68
133
125
46
129
1
68
48
58
28
48
23
27
62
249
222
152
136
29
145
71
183
214
129
248
149
106
239
18
31
99
57
228
254
147
165
196
14
201
91
118
238
122
60
217
23
31
191
58
137
89
92
252
199
52
174
83
19
8
10
211
38
198
172
139
116
114
137
209
209
159
192
17
215
66
196
239
102
100
80
182
14
67
135
61
39
43
163
47
74
209
158
221
35
31
74
77
190
125
225
10
163
121
38
35
234
202
52
198
17
99
14
247
135
47
235
193
178
252
111
25
186
35
56
169
246
9
50
76
100
223
221
37
213
29
98
110
248
208
94
238
202
131
27
81
114
75
243
31
57
181
18
6
165
32
87
75
113
241
180
129
171
134
202
120
117
77
189
185
144
115
129
56
218
139
230
186
31
114
102
26
173
179
8
55
21
188
212
36
50
254
237
190
166
254
32
58
229
171
142
56
191
146
137
88
76
162
197
212
207
15
34
175
136
41
190
55
123
255
13
117
226
109
99
127
96
212
62
138
29
177
204
253
194
159
196
13
67
54
31
242
73
32
48
100
139
141
180
55
144
80
216
44
7
199
193
48
120
251
250
48
11
39
30
116
164
172
249
104
220
81
25
54
114
160
86
4
170
132
98
38
221
87
99
75
185
210
147
110
159
61
172
175
46
212
4
255
156
233
89
194
169
45
203
54
29
247
213
5
15
138
92
11
121
19
79
152
231
17
141
168
230
185
158
206
114
231
241
71
61
121
101
191
239
61
171
167
91
113
82
144
92
86
183
146
154
85
115
102
120
154
71
18
37
38
244
57
140
33
152
85
175
31
85
10
15
76
136
193
156
85
183
242
44
164
205
122
184
1
54
245
7
104
222
93
240
41
202
162
247
229
22
0
3
52
37
9
149
224
117
183
59
61
237
56
88
99
13
183
220
132
77
7
12
222
246
110
122
211
173
18
150
10
109
81
58
81
79
93
231
71
233
205
7
83
162
248
91
119
162
74
163
206
147
0
4
232
0
185
138
231
46
129
12
223
235
18
176
242
78
217
24
193
204
140
5
162
170
236
240
108
182
24
161
68
235
32
65
229
217
219
169
232
216
223
33
182
110
43
142
232
226
6
42
255
237
87
154
227
13
229
112
225
146
198
207
132
13
188
228
163
231
208
185
131
39
25
229
21
22
91
124
79
173
122
180
136
142
85
213
181
230
151
223
195
189
83
77
135
166
173
233
4
101
118
174
220
204
219
167
247
19
73
250
140
92
141
137
134
218
112
93
102
55
78
132
227
113
188
170
165
109
137
173
2
26
215
84
179
223
4
154
126
108
26
69
125
39
16
6
117
36
51
210
6
96
71
10
2
79
157
163
175
187
159
151
141
170
0
15
125
172
238
147
245
138
155
119
38
155
246
116
186
214
163
105
70
27
79
53
214
69
71
161
198
186
144
199
193
90
108
203
174
120
181
52
134
105
18
18
113
66
102
18
207
168
181
110
146
17
231
254
244
50
217
122
155
42
132
110
46
222
225
46
185
12
145
50
235
132
155
213
115
220
41
182
236
40
174
214
37
199
117
133
50
229
4
131
112
199
177
107
209
160
189
120
217
18
69
139
247
29
63
166
11
225
215
205
160
26
203
227
201
11
35
94
59
165
216
78
204
141
87
231
199
132
81
244
121
245
142
116
252
78
173
76
251
95
141
40
129
202
9
205
149
164
163
34
250
114
45
230
74
32
111
219
82
169
50
50
3
54
221
64
8
223
226
98
238
213
181
20
107
129
229
46
230
201
90
68
226
211
41
116
23
145
55
51
9
149
161
162
113
86
241
182
38
19
116
111
39
92
91
222
248
250
235
88
20
225
1
49
201
47
246
60
169
34
219
64
51
25
67
170
183
167
19
75
200
24
111
158
53
188
113
227
113
242
105
232
167
227
88
71
163
183
188
133
105
221
170
252
10
51
105
213
201
244
145
10
186
240
210
157
11
97
165
243
165
99
137
154
235
228
148
100
252
137
9
113
249
3
110
206
105
66
243
115
117
205
69
116
158
75
214
170
187
132
191
172
24
82
18
183
147
30
84
4
120
253
82
230
168
82
24
228
148
28
29
60
151
17
243
158
99
66
174
24
236
227
63
140
91
125
96
68
99
251
57
150
77
112
213
221
140
66
229
86
141
153
248
12
75
12
248
209
58
82
184
190
43
57
74
77
45
59
236
182
164
20
19
177
232
41
254
172
171
50
34
233
84
204
1
36
145
246
198
88
179
101
230
136
175
83
134
135
24
111
41
30
118
15
36
8
185
194
30
143
239
214
124
109
121
72
124
113
212
191
47
116
71
141
182
244
107
209
66
190
133
201
22
0
134
7
227
162
2
23
211
177
241
224
191
47
194
149
67
254
197
101
95
203
235
216
114
102
77
168
171
68
86
207
0
180
208
44
100
72
128
65
249
250
138
216
168
89
228
68
22
61
180
213
176
182
60
206
106
225
116
109
152
37
196
147
199
88
121
58
224
97
179
226
218
207
171
54
219
9
65
92
248
165
170
245
150
87
186
15
183
242
120
243
252
85
93
251
79
205
158
135
250
202
221
191
10
77
53
111
195
103
35
180
207
228
216
141
119
64
200
49
126
155
231
130
205
231
246
124
208
117
23
41
233
166
74
177
153
106
120
1
122
79
116
105
165
179
121
255
95
210
232
251
243
140
68
60
157
130
245
107
234
36
35
41
216
245
191
116
77
252
182
7
26
57
61
99
6
68
147
97
92
14
118
162
1
122
43
130
42
197
183
119
50
103
198
41
101
212
128
66
102
249
123
44
120
111
209
4
243
194
89
23
198
79
187
208
47
181
69
122
44
82
80
46
20
240
105
95
107
248
129
203
135
33
128
11
245
88
182
14
209
241
236
40
3
218
164
134
146
23
231
176
228
178
160
167
93
81
46
54
167
144
35
68
75
72
248
55
123
34
122
162
140
193
236
5
165
15
242
181
144
204
203
70
61
190
108
190
161
128
82
214
23
146
104
200
112
47
108
2
232
106
208
157
172
144
1
52
134
8
17
226
6
229
60
42
103
128
33
99
131
96
221
123
134
23
145
154
69
254
207
32
179
26
28
94
155
5
179
241
116
10
121
199
209
102
89
112
175
184
67
127
193
49
143
173
238
215
218
236
8
26
18
191
218
66
214
200
80
46
144
100
80
117
19
115
122
122
98
18
130
86
20
160
87
191
148
110
24
187
242
132
81
249
45
114
176
94
254
195
54
122
129
239
31
254
137
155
77
197
39
42
102
89
81
235
18
73
230
240
180
219
107
6
38
87
232
169
225
188
249
197
236
6
169
39
164
141
164
135
30
219
17
254
60
169
188
205
10
229
212
32
135
214
11
43
166
207
126
160
234
198
144
202
168
25
184
157
83
122
45
101
107
59
224
107
114
54
63
177
189
39
104
27
224
237
26
140
41
21
153
85
162
188
1
92
120
140
14
220
35
192
179
220
151
225
230
41
152
95
159
85
82
209
109
29
75
140
51
56
237
135
23
47
78
36
79
241
195
178
254
91
60
51
17
147
44
232
34
89
196
171
187
246
133
112
205
1
51
47
154
220
60
150
153
15
229
209
18
65
98
152
166
128
124
148
226
163
123
72
86
180
78
153
232
215
34
110
149
237
236
169
198
12
62
53
192
18
67
146
67
190
198
139
156
231
25
227
154
142
179
12
119
178
54
222
118
81
225
180
236
58
173
150
201
230
174
114
28
134
201
82
53
231
197
205
48
39
162
116
29
39
46
239
236
97
99
71
239
221
143
193
188
131
40
204
95
124
60
219
234
93
179
92
125
221
31
134
14
230
218
149
27
244
8
155
94
131
224
214
213
70
254
70
89
66
134
103
50
89
221
203
80
29
255
192
214
120
125
114
173
145
234
22
65
62
112
162
232
225
17
203
100
242
151
111
49
163
147
237
149
112
53
117
242
215
91
65
24
156
198
41
87
230
84
152
46
226
212
225
28
239
126
117
192
224
194
207
83
21
200
5
3
77
210
175
69
32
38
141
24
75
234
98
235
18
30
134
88
172
174
176
223
209
116
94
154
227
251
155
46
119
230
129
228
29
12
222
30
88
83
95
12
154
213
117
247
242
7
115
75
36
84
97
61
56
90
188
57
72
208
70
229
115
6
206
157
108
237
202
85
95
6
229
116
194
92
107
2
88
207
86
89
68
174
78
185
200
28
61
248
244
191
15
31
231
113
139
50
203
122
142
248
157
140
7
32
161
160
247
134
118
137
187
165
218
240
211
220
32
126
190
127
236
11
15
172
7
75
177
219
60
242
118
254
26
212
64
138
245
157
26
2
36
159
245
191
185
19
129
89
8
187
159
130
105
205
169
91
142
189
232
167
14
247
8
224
53
2
247
233
83
185
125
48
0
14
78
148
192
60
106
94
178
73
238
252
236
150
204
51
30
244
163
238
236
38
14
35
247
60
39
90
226
129
182
201
95
56
128
248
194
168
68
146
53
6
249
51
40
12
71
89
87
51
169
13
113
168
3
248
77
56
207
234
234
238
18
229
222
64
17
109
140
193
252
227
155
198
128
239
26
238
187
20
70
31
225
113
17
240
177
153
85
5
100
160
68
173
77
15
21
147
118
77
70
116
159
180
174
73
143
68
216
8
244
173
192
206
39
26
234
130
215
29
149
18
84
23
239
178
85
188
2
88
112
241
214
97
77
79
36
215
150
8
235
233
120
2
76
141
181
194
204
41
190
244
203
69
60
90
101
84
236
68
21
145
166
117
22
89
102
176
204
204
216
75
215
113
206
170
87
231
110
18
216
82
36
37
53
47
77
157
6
80
208
26
141
193
118
109
171
199
154
73
94
184
118
29
96
17
249
167
220
162
226
104
158
89
48
155
53
113
53
180
51
38
10
238
94
147
10
134
5
47
234
64
105
241
194
17
201
82
139
209
238
157
176
146
6
109
253
236
14
170
132
172
228
139
34
128
245
209
177
88
118
206
154
246
45
56
3
79
160
225
86
29
114
153
201
102
101
56
83
131
137
227
182
149
175
54
173
213
42
71
191
91
17
79
42
50
104
238
52
95
143
133
67
209
141
166
66
248
71
33
179
75
243
91
192
114
101
178
91
218
69
199
212
165
181
184
231
156
73
158
223
37
193
31
46
13
134
155
19
183
186
92
164
83
171
185
162
205
135
100
231
162
102
25
215
18
219
127
207
141
146
0
47
65
253
204
104
34
187
179
6
50
73
205
119
158
41
53
169
51
8
53
146
143
53
76
113
91
247
115
166
215
85
6
252
243
86
2
97
142
200
9
108
33
82
46
243
86
124
221
0
154
218
46
30
27
24
160
174
69
47
59
121
81
2
131
85
46
206
228
110
108
205
176
70
19
158
32
178
248
177
113
72
111
201
187
25
71
25
35
104
179
215
68
65
142
121
90
21
124
253
171
90
239
50
196
99
18
82
240
143
82
4
134
218
93
240
248
235
168
254
162
76
24
72
197
252
76
226
167
44
139
230
133
147
183
210
68
133
144
98
45
68
103
99
126
107
166
230
76
65
223
240
194
221
97
236
35
141
29
124
253
253
2
17
227
254
40
120
243
211
121
120
118
54
172
28
42
30
53
170
228
115
151
229
65
141
164
156
83
240
140
83
231
88
101
123
24
255
188
94
95
161
30
130
6
60
201
127
219
221
204
196
42
118
240
65
4
105
70
142
195
18
38
76
38
241
206
80
29
161
81
82
194
134
184
42
77
187
73
2
4
14
240
104
17
50
105
6
14
174
243
225
186
58
186
215
207
112
217
9
11
10
111
77
0
120
40
116
33
166
131
88
64
10
139
79
212
96
180
158
146
64
45
197
77
174
35
213
180
18
57
76
11
160
190
78
189
115
224
244
75
251
75
116
64
31
130
107
117
223
182
72
8
57
243
102
80
87
95
103
48
73
94
38
16
233
224
203
177
100
74
157
100
170
94
75
65
237
75
14
152
8
49
158
0
123
37
162
243
202
196
232
184
125
92
59
229
212
102
56
254
222
90
186
207
137
184
43
49
13
168
116
199
139
51
92
52
72
110
89
130
51
174
57
49
185
89
199
76
243
164
63
39
27
138
7
9
140
49
10
17
120
225
224
221
23
101
159
178
215
246
123
194
33
254
154
212
86
250
246
59
195
220
204
74
189
39
231
7
44
183
13
227
102
126
40
254
76
80
75
152
87
72
58
55
69
19
66
13
56
26
162
164
93
248
115
208
159
50
247
141
225
137
226
158
177
69
115
77
160
134
0
224
131
146
107
5
156
108
213
88
144
222
228
96
243
214
71
134
236
87
186
203
202
87
14
81
160
120
168
172
85
45
194
154
248
197
214
161
223
25
52
125
237
65
69
7
110
37
110
95
66
217
219
129
47
88
31
220
39
32
95
218
226
22
177
86
183
116
227
220
69
63
213
58
231
238
41
128
148
195
202
70
65
70
143
56
145
56
35
164
1
212
193
77
209
159
176
251
207
176
16
232
255
189
163
179
224
157
92
7
15
95
174
95
255
130
54
29
115
77
74
180
186
153
196
144
167
46
52
252
175
62
23
242
78
163
69
179
120
160
241
181
188
37
226
35
208
95
104
90
247
86
100
71
53
140
124
5
10
18
82
233
177
0
95
72
36
194
196
79
77
239
76
48
110
57
93
38
184
29
181
131
62
29
241
119
27
135
239
232
169
51
120
86
97
227
138
230
47
244
204
112
217
56
251
25
155
43
147
94
99
232
203
197
212
55
202
204
12
97
228
42
85
186
10
86
109
137
23
95
140
74
100
88
111
104
101
133
12
175
139
237
133
197
228
94
187
236
42
239
178
106
216
226
29
58
156
124
34
83
64
71
85
4
142
210
94
30
77
228
245
10
143
81
209
23
237
212
30
31
225
103
25
229
35
179
40
101
47
114
200
58
117
11
170
188
223
253
6
159
107
223
95
66
226
227
66
117
221
213
38
58
149
255
169
179
18
53
184
223
185
170
2
243
170
190
239
80
11
75
171
214
125
115
208
104
182
240
110
65
157
162
86
79
40
15
169
9
205
18
246
107
154
204
48
129
20
238
245
43
204
115
166
43
100
66
197
230
254
226
182
12
236
157
225
245
25
164
15
185
149
210
30
139
239
74
182
139
78
53
135
21
216
29
235
67
214
216
69
87
173
112
212
44
64
249
245
136
246
231
141
8
99
254
102
53
71
53
3
133
240
5
56
102
74
101
47
32
125
252
1
94
35
15
46
223
253
136
148
60
202
181
160
145
132
83
168
99
222
173
171
105
167
59
1
241
206
46
185
125
214
254
208
107
97
162
72
130
88
250
164
202
109
10
124
93
9
89
218
250
65
124
89
238
159
169
166
43
119
9
152
167
33
150
242
130
88
135
188
138
120
72
139
165
217
11
221
255
173
197
7
200
220
23
254
88
118
250
133
222
61
156
94
250
168
32
138
161
68
244
161
164
251
71
168
46
89
110
153
162
236
118
164
56
247
11
142
104
2
211
249
52
77
7
36
39
139
148
191
253
62
30
14
3
191
49
230
84
140
21
106
227
186
219
20
125
71
196
114
125
65
117
7
202
153
155
49
211
139
231
87
39
134
25
161
128
80
10
40
150
223
200
147
34
127
129
168
185
9
83
146
129
50
190
242
132
53
196
202
121
62
18
140
251
136
72
76
36
116
12
106
46
48
60
138
72
72
167
202
200
217
152
29
66
155
158
43
127
183
231
125
32
120
143
171
20
77
121
26
119
101
175
177
103
10
17
205
211
104
185
193
250
82
33
33
246
94
207
182
115
176
1
23
230
100
81
250
177
187
195
254
76
133
86
69
63
44
99
214
65
244
147
66
53
162
13
15
194
204
60
157
81
77
168
221
144
56
93
194
112
51
254
221
124
22
9
81
83
61
22
58
185
74
73
90
184
109
21
252
72
108
29
138
238
11
53
121
222
223
178
238
15
154
16
47
33
101
5
186
209
213
123
234
119
247
30
230
26
218
69
31
66
151
194
37
92
250
226
236
127
68
54
154
72
133
219
54
108
208
181
89
13
17
182
239
250
182
149
26
158
168
226
20
122
97
175
169
195
195
194
189
225
88
46
155
49
182
235
58
120
159
244
152
193
105
87
198
124
235
225
223
247
143
211
83
246
25
127
44
7
253
15
91
52
175
19
137
34
242
5
223
137
70
166
10
37
169
228
153
21
124
167
56
110
45
219
77
126
176
200
196
97
154
54
195
15
37
83
98
223
210
107
185
216
30
95
200
92
100
104
44
12
128
234
92
230
113
221
234
238
156
148
214
5
166
68
22
46
247
220
163
252
216
78
28
41
166
162
170
120
137
125
155
75
158
228
71
223
150
176
29
209
143
237
165
174
64
245
194
139
73
125
251
12
39
151
2
119
8
5
177
194
154
231
124
106
119
50
20
239
219
240
100
52
186
217
30
152
234
102
141
183
190
46
3
239
217
70
28
42
178
75
172
47
86
151
223
114
191
48
197
58
248
199
210
53
147
184
79
172
190
75
55
4
100
138
90
166
148
194
117
29
221
57
85
15
67
20
205
128
221
84
14
237
6
91
104
23
147
228
41
172
103
3
181
19
46
35
0
81
0
197
183
81
224
0
79
64
142
43
46
66
244
243
215
187
194
125
191
62
118
102
40
154
171
230
145
52
199
129
247
193
246
232
105
175
216
138
164
162
85
187
111
86
90
174
158
249
96
172
185
222
149
253
4
172
123
9
10
89
184
53
7
106
68
71
253
204
20
44
147
227
238
63
118
48
82
237
195
133
65
20
231
105
66
239
95
65
75
252
25
99
106
179
79
220
148
85
140
156
207
199
11
229
15
213
7
255
221
182
169
201
185
104
225
96
99
88
110
45
170
163
145
144
83
175
106
142
23
129
63
195
90
5
61
95
123
27
112
226
222
139
236
126
194
78
114
151
60
188
178
221
224
85
169
72
29
201
228
111
89
39
83
103
133
169
66
40
101
92
242
77
45
49
237
155
176
168
180
11
127
206
217
70
239
191
134
3
22
139
95
234
152
20
78
163
32
226
6
36
54
20
198
213
73
248
100
124
87
254
228
209
40
29
245
25
199
82
122
237
141
129
140
235
75
250
101
191
192
244
77
47
177
245
108
183
162
63
147
108
77
50
25
210
104
73
186
200
48
76
30
9
176
13
145
55
67
55
231
147
173
34
166
32
181
202
248
116
233
119
7
228
108
46
131
195
69
232
166
236
72
228
219
203
219
46
193
49
229
123
89
219
238
120
34
1
113
199
189
228
176
54
220
157
143
89
207
93
14
246
103
194
74
196
226
68
9
176
135
201
14
180
105
29
79
7
29
188
33
127
6
185
93
242
116
97
58
221
250
250
212
37
221
241
114
173
127
70
51
89
89
137
196
198
194
121
74
156
161
236
149
2
82
76
97
247
125
9
240
45
28
23
222
210
71
120
76
230
233
160
138
114
165
43
24
134
222
170
91
124
251
73
0
73
187
196
132
119
228
229
117
226
109
238
245
187
135
255
24
136
73
43
23
152
29
137
253
141
98
126
188
201
158
139
190
147
27
191
174
236
61
41
88
5
1
245
219
24
36
83
170
243
187
114
235
10
240
14
223
111
126
54
113
144
206
240
41
165
37
241
187
244
114
255
224
172
175
111
79
10
116
188
224
90
84
35
171
61
124
6
5
176
231
184
69
252
156
158
2
119
115
81
123
0
216
12
136
147
26
46
75
44
148
69
233
115
213
22
66
35
205
113
82
112
114
211
10
220
245
217
232
94
75
239
147
139
231
211
224
3
89
48
236
67
129
65
147
118
166
192
235
81
29
97
60
168
149
70
160
219
185
53
243
75
5
144
95
121
121
134
71
126
190
24
151
144
66
251
62
206
102
75
238
49
225
75
183
239
30
182
179
200
123
90
170
200
153
193
58
141
42
96
232
89
132
37
64
76
239
37
91
59
161
165
32
182
190
85
12
246
80
44
56
95
250
67
8
190
192
25
76
134
57
226
102
125
65
154
220
61
180
144
230
177
119
166
75
187
171
166
85
72
124
2
108
30
148
121
171
2
41
154
171
247
208
29
1
133
80
60
6
56
208
54
77
62
239
234
119
111
116
35
118
4
39
162
44
120
45
44
3
89
112
53
151
244
24
87
131
119
74
96
237
27
22
181
159
205
181
3
76
119
212
10
167
112
80
244
172
106
21
173
221
170
145
236
17
130
226
143
50
10
136
229
53
116
43
176
120
179
142
49
145
7
221
247
42
239
167
162
24
105
63
173
16
87
131
128
165
78
31
171
209
54
186
43
194
50
25
89
42
174
32
37
97
76
147
111
117
85
16
8
206
81
198
18
143
199
107
65
119
153
109
231
62
123
51
156
180
36
8
7
244
94
2
207
62
12
25
0
6
169
211
44
178
186
89
131
91
40
70
83
70
67
246
225
110
64
4
164
112
208
199
144
76
82
69
243
2
10
7
94
86
98
230
92
159
249
99
140
17
235
213
235
10
16
11
249
115
167
184
213
87
37
185
224
181
181
95
101
46
96
203
48
53
12
100
14
185
48
147
207
109
151
105
234
241
214
87
163
164
196
194
114
31
222
245
69
9
192
181
23
226
93
179
110
228
52
50
204
125
240
218
124
197
201
183
77
67
248
11
1
188
94
254
233
237
213
109
9
65
39
97
143
26
205
215
59
238
170
204
53
113
162
110
233
44
190
38
251
95
106
167
191
169
255
175
133
249
19
42
188
23
159
178
117
229
125
72
140
24
202
143
101
173
108
175
88
156
123
132
60
134
226
34
45
173
150
50
201
202
255
194
206
238
145
113
37
84
54
227
117
80
193
219
34
61
113
242
12
131
134
153
221
100
178
42
177
145
27
41
85
192
240
112
76
93
171
244
227
198
49
254
40
149
94
3
101
148
251
212
204
183
150
11
135
227
144
19
248
145
236
169
223
96
146
191
186
199
15
245
150
32
175
141
60
55
28
176
109
196
119
52
10
144
62
215
1
183
109
86
218
84
6
153
145
187
36
116
175
87
82
135
149
5
79
14
214
179
123
188
186
167
19
27
12
33
13
50
244
54
118
177
29
250
233
169
5
242
132
191
147
79
181
214
171
228
122
122
204
39
129
212
90
232
212
73
18
199
4
185
110
160
245
150
117
139
1
85
129
32
101
62
28
115
217
155
168
26
75
39
8
204
220
38
150
34
9
171
153
56
164
149
179
25
56
111
111
187
250
253
145
187
89
163
176
30
67
94
8
214
128
202
214
155
213
123
187
232
249
129
126
207
115
135
230
198
1
121
127
62
36
178
149
64
93
48
38
114
86
182
23
221
128
115
24
67
154
125
93
210
64
204
118
56
126
169
215
153
199
3
150
151
163
8
20
103
238
49
186
185
249
132
1
162
139
60
56
123
1
86
212
70
143
89
1
147
132
231
155
67
0
98
184
34
189
128
28
77
166
61
180
125
124
31
154
31
239
181
150
3
12
230
89
188
229
24
130
1
128
141
198
241
254
4
150
143
84
240
252
55
45
139
182
237
176
95
197